business_name,search_category,primary_category,all_categories,pincode,circle,region,division,major_offices,phone_number,website,rating,reviews_count,address,area,latitude,longitude,place_id,place_url,part_id,crawled_at,s_no
Gangani Royal Residency,Resort,Resort hotel,"Resort hotel, Guest house, Lodge, Home Stay, Hotel",721201,West Bengal Circle,South Bengal Region,Midnapore Division,"Chandrakona SO, Amsole BO, Andharnayan BO",+91 94340 10724,N/A,4.9,,"BDO office to Lapuria Rd, Garhbeta, West Bengal 721127",721201,22.8558806,87.35082949999999,ChIJNTmTYHvv9zkR8qadBDwDNCA,https://www.google.com/maps/place/?q=place_id:ChIJNTmTYHvv9zkR8qadBDwDNCA,part_322,2026-09-20 20:17:39,4393
Shilabati Resort,Resort,Resort hotel,Resort hotel,721201,West Bengal Circle,South Bengal Region,Midnapore Division,"Chandrakona SO, Amsole BO, Andharnayan BO",N/A,N/A,3.7,,"V9Q5+CWP, Garhbeta - Kamarpukur Rd, Dhadika, Bara Dumuria, West Bengal 721127",721201,22.8885763,87.35983859999999,ChIJFX57rXLt9zkRGck_gfqBnQA,https://www.google.com/maps/place/?q=place_id:ChIJFX57rXLt9zkRGck_gfqBnQA,part_322,2026-09-20 20:17:39,4394
পল্লী বেলা এগ্রো ট্যুরিজম পার্ক,Resort,Resort hotel,Resort hotel,721201,West Bengal Circle,South Bengal Region,Midnapore Division,"Chandrakona SO, Amsole BO, Andharnayan BO",N/A,N/A,,,"Majur Nacha, Chandrakona Road, West Bengal 721253",721201,22.743248899999998,87.3084926,ChIJgfNPad_l9zkRzQAyxWr6Jb0,https://www.google.com/maps/place/?q=place_id:ChIJgfNPad_l9zkRzQAyxWr6Jb0,part_322,2026-09-20 20:17:39,4395
Gangani Eco Tourism and resort.,Resort,Hotel,Hotel,721201,West Bengal Circle,South Bengal Region,Midnapore Division,"Chandrakona SO, Amsole BO, Andharnayan BO",+91 97340 29341,https://ganganiresort.com/,2.9,,"V85R+GFH, Gangani Rd, Gangani, West Bengal 721127",721201,22.859447499999998,87.34155299999999,ChIJ_T-eFIvv9zkRhvxy_oASfSk,https://www.google.com/maps/place/?q=place_id:ChIJ_T-eFIvv9zkRhvxy_oASfSk,part_322,2026-09-20 20:17:39,4396
Arabari Forest Rest House,Resort,Hotel,Hotel,721201,West Bengal Circle,South Bengal Region,Midnapore Division,"Chandrakona SO, Amsole BO, Andharnayan BO",N/A,N/A,4.4,,"M8PW+C65, Chandmura, West Bengal 721147",721201,22.6860172,87.3456171,ChIJZZ6-8YLj9zkRcaojXyZEvz0,https://www.google.com/maps/place/?q=place_id:ChIJZZ6-8YLj9zkRcaojXyZEvz0,part_322,2026-09-20 20:17:39,4397
Prantik Retreat,Resort,Resort hotel,Resort hotel,721201,West Bengal Circle,South Bengal Region,Midnapore Division,"Chandrakona SO, Amsole BO, Andharnayan BO",+91 83358 88718,https://prantikretreat.com/,4.2,,"NH6, Barunda, West Bengal 711303",721201,22.4607313,87.9309877,ChIJUZ48Z4CZAjoRA-cKZsNyKA4,https://www.google.com/maps/place/?q=place_id:ChIJUZ48Z4CZAjoRA-cKZsNyKA4,part_322,2026-09-20 20:17:39,4398
ABASIKA LODGE,Resort,Lodge,Lodge,721201,West Bengal Circle,South Bengal Region,Midnapore Division,"Chandrakona SO, Amsole BO, Andharnayan BO",N/A,N/A,3.5,,"Dwari Geria, West Bengal 721253",721201,22.735395,87.3404829,ChIJhbTkcaPl9zkRKbdZeZkYMgU,https://www.google.com/maps/place/?q=place_id:ChIJhbTkcaPl9zkRKbdZeZkYMgU,part_322,2026-09-20 20:17:39,4399
Matribhumi Lodge,Resort,Lodge,Lodge,721201,West Bengal Circle,South Bengal Region,Midnapore Division,"Chandrakona SO, Amsole BO, Andharnayan BO",N/A,N/A,4.0,,"Gopsai, Raniganj, West Bengal 721201",Gopsai,22.7305685,87.495904,ChIJ6ddvEun59zkRygNsYeu7ges,https://www.google.com/maps/place/?q=place_id:ChIJ6ddvEun59zkRygNsYeu7ges,part_322,2026-09-20 20:17:39,4400
The Grand Canyon Homestay,Resort,Hotel,"Hotel, Home Stay",721201,West Bengal Circle,South Bengal Region,Midnapore Division,"Chandrakona SO, Amsole BO, Andharnayan BO",+91 96797 65098,http://thegrandcanyon.website3.me/,4.7,,"Gangani Road, Garhbeta - Hoomgarh Rd, near Garhbeta College, Garhbeta, West Bengal 721127",721201,22.850331699999998,87.34282689999999,ChIJNYXEDG7v9zkRt0OgDwYkbpk,https://www.google.com/maps/place/?q=place_id:ChIJNYXEDG7v9zkRt0OgDwYkbpk,part_322,2026-09-20 20:17:39,4401
HOOKKAHOOYA ADVENTURE CAMP,Resort,Resort hotel,Resort hotel,721201,West Bengal Circle,South Bengal Region,Midnapore Division,"Chandrakona SO, Amsole BO, Andharnayan BO",N/A,https://www.hookkahooya.com/,4.1,,"4649+R8 Fruit Garden, Jamdoba, West Bengal 722144",721201,23.108107999999998,87.218626,ChIJk0Lkkpq99zkRip5cTCyfVYU,https://www.google.com/maps/place/?q=place_id:ChIJk0Lkkpq99zkRip5cTCyfVYU,part_322,2026-09-20 20:17:39,4402
Nirala Resort,Resort,Resort hotel,Resort hotel,721201,West Bengal Circle,South Bengal Region,Midnapore Division,"Chandrakona SO, Amsole BO, Andharnayan BO",+91 98316 20901,https://niralaresort.com/,4.1,,"Mellock (Deulti, near NH6, Howrah, West Bengal 711303",721201,22.4590221,87.91093169999999,ChIJkQ-6DJiZAjoRAUGbie3iQr8,https://www.google.com/maps/place/?q=place_id:ChIJkQ-6DJiZAjoRAUGbie3iQr8,part_322,2026-09-20 20:17:39,4403
পুরানো বাড়ি। কাতরডাঙ্গা,Resort,Resort hotel,Resort hotel,721201,West Bengal Circle,South Bengal Region,Midnapore Division,"Chandrakona SO, Amsole BO, Andharnayan BO",N/A,N/A,4.0,,"QH3Q+52M, Unnamed Road, Khirpai, West Bengal 721232",721201,22.752964,87.58755649999999,ChIJaSV2AtID-DkRjkalYOrZvIw,https://www.google.com/maps/place/?q=place_id:ChIJaSV2AtID-DkRjkalYOrZvIw,part_322,2026-09-20 20:17:39,4404
The Golden Retreat,Resort,Resort hotel,Resort hotel,721201,West Bengal Circle,South Bengal Region,Midnapore Division,"Chandrakona SO, Amsole BO, Andharnayan BO",+91 3224 252 020,http://www.thegoldenretreat.com/,4.2,,"City Centre, Debhog, Kshudiram Nagar, Haldia, West Bengal 721657","Debhog, Kshudiram Nagar",22.058670499999998,88.0743835,ChIJD0SaZ7_wAjoRAcePDTvjW9w,https://www.google.com/maps/place/?q=place_id:ChIJD0SaZ7_wAjoRAcePDTvjW9w,part_322,2026-09-20 20:17:39,4405
Chalantika Resort - Gadiara,Resort,Hotel,Hotel,721201,West Bengal Circle,South Bengal Region,Midnapore Division,"Chandrakona SO, Amsole BO, Andharnayan BO",+91 81007 86488,https://sddhotels.com/,4.1,,"2/9, opposite Bus Stand, Gadiara, West Bengal 711314",721201,22.222515899999998,88.0399905,ChIJITG0lM3yAjoRBgs5X4AZ62Q,https://www.google.com/maps/place/?q=place_id:ChIJITG0lM3yAjoRBgs5X4AZ62Q,part_322,2026-09-20 20:17:39,4406
ANUSHKA GARDEN & RESORT,Resort,Resort hotel,"Resort hotel, Hotel, Restaurant, Wedding venue",721201,West Bengal Circle,South Bengal Region,Midnapore Division,"Chandrakona SO, Amsole BO, Andharnayan BO",+91 84201 11537,https://anushkagardenandresort.com/,4.6,1806.0,"HH2 MOHESWARPUR MORE PS- DADPUR, TOWARDS SENET, Goswami Malipara, West Bengal 712305",721201,22.9517171,88.23602179999999,ChIJhXl8INiL-DkRJGEiVgblGyc,https://www.google.com/maps/place/?q=place_id:ChIJhXl8INiL-DkRJGEiVgblGyc,part_322,2026-09-20 20:17:40,4407
"Sonajhuri Guest House, Garhbeta",Resort,Resort hotel,"Resort hotel, Hotel, Guest house",721201,West Bengal Circle,South Bengal Region,Midnapore Division,"Chandrakona SO, Amsole BO, Andharnayan BO",+91 95475 14030,N/A,4.6,726.0,"R8WP+V23, 1, Chargora Road, Amlagora, West Bengal 721121",721201,22.842294,87.3370061,ChIJa3vTzf7u9zkRLrKzQJx7vPM,https://www.google.com/maps/place/?q=place_id:ChIJa3vTzf7u9zkRLrKzQJx7vPM,part_322,2026-09-20 20:17:40,4408
"Gram Bangla Retreat (গ্রাম বাংলা রিট্রিট), Dulalpur",Resort,Resort hotel,"Resort hotel, Bar & grill, Disco club",721201,West Bengal Circle,South Bengal Region,Midnapore Division,"Chandrakona SO, Amsole BO, Andharnayan BO",+91 98363 10106,http://www.grambanglaretreat.com/,4.3,2784.0,"Bibirhat Chatta Dakghar Rd, Hatberia, Kolkata, Raypur, West Bengal 743503",Hatberia,22.4228155,88.2300118,ChIJUwLFfxF9AjoRvRQvPVd7CXc,https://www.google.com/maps/place/?q=place_id:ChIJUwLFfxF9AjoRvRQvPVd7CXc,part_322,2026-09-20 20:17:40,4409
Pahariya Eco resort,Resort,Resort hotel,"Resort hotel, Hotel, Home Stay",721201,West Bengal Circle,South Bengal Region,Midnapore Division,"Chandrakona SO, Amsole BO, Andharnayan BO",N/A,http://parariaecoresort.website3.me/,4.7,118.0,"Kankrajhor road, Belpahari, Balichua, West Bengal 721501",721201,22.6211701,86.70785029999999,ChIJh12eIk0n9jkRlEmmlu4sr9g,https://www.google.com/maps/place/?q=place_id:ChIJh12eIk0n9jkRlEmmlu4sr9g,part_322,2026-09-20 20:17:40,4410
The Paradise Resort,Resort,Resort hotel,Resort hotel,721201,West Bengal Circle,South Bengal Region,Midnapore Division,"Chandrakona SO, Amsole BO, Andharnayan BO",+91 70478 80437,https://jhargramparadiseresort.com/,4.7,113.0,"Kanyadoba, Jhargram, Kismat Bharat Pur, West Bengal 721507",Kanyadoba,22.458492,86.97997939999999,ChIJWTQqlsl5HToR3OvCPyFWiyU,https://www.google.com/maps/place/?q=place_id:ChIJWTQqlsl5HToR3OvCPyFWiyU,part_322,2026-09-20 20:17:40,4411
Shanti Seaview Resort and Spa,Resort,Resort hotel,"Resort hotel, Hotel",721201,West Bengal Circle,South Bengal Region,Midnapore Division,"Chandrakona SO, Amsole BO, Andharnayan BO",+91 98302 17777,http://www.shantihotels.com/,4.5,2104.0,"Mandarmani, West Bengal 721455",721201,21.650776999999998,87.6574139,ChIJz-I2ZtMvAzoRzo2uT3eO-dw,https://www.google.com/maps/place/?q=place_id:ChIJz-I2ZtMvAzoRzo2uT3eO-dw,part_322,2026-09-20 20:17:40,4412
Geetanjali Resort,Resort,Resort hotel,Resort hotel,721201,West Bengal Circle,South Bengal Region,Midnapore Division,"Chandrakona SO, Amsole BO, Andharnayan BO",+91 86974 58674,https://geetanjaliresorttajpur.com/,4.7,160.0,"Tajpur, Bodhra, Purba Medinipur, P.o, near Hotel Tajpur Residency, Bodhra, Tajpur, West Bengal 721423",721201,21.6525642,87.62975879999999,ChIJMwi3GY4vAzoRV7ilW_GfZIM,https://www.google.com/maps/place/?q=place_id:ChIJMwi3GY4vAzoRV7ilW_GfZIM,part_322,2026-09-20 20:17:40,4413
Appayan Guest House Gangani,Resort,Hotel,Hotel,721201,West Bengal Circle,South Bengal Region,Midnapore Division,"Chandrakona SO, Amsole BO, Andharnayan BO",+91 82502 11126,https://appayanguesthouse.in/,4.5,84.0,"Garhbeta - Hoomgarh Rd, Garhbeta, West Bengal 721127",721201,22.8557979,87.3507054,ChIJI_QdfLfv9zkRzns3siiGpwU,https://www.google.com/maps/place/?q=place_id:ChIJI_QdfLfv9zkRzns3siiGpwU,part_322,2026-09-20 20:17:40,4414
Hotel Ananya,Resort,Hotel,Hotel,721201,West Bengal Circle,South Bengal Region,Midnapore Division,"Chandrakona SO, Amsole BO, Andharnayan BO",+91 94345 87554,N/A,4.0,647.0,"Kamarpukur-Joyrambati Rd, main road, Joyrambati, Malpur, West Bengal 722161",main road,22.9209686,87.6177668,ChIJ194iJ80e-DkRmRsJNeNwZwY,https://www.google.com/maps/place/?q=place_id:ChIJ194iJ80e-DkRmRsJNeNwZwY,part_322,2026-09-20 20:17:40,4415
Moulisha Resort Joypur Bankura,Resort,Resort hotel,Resort hotel,721201,West Bengal Circle,South Bengal Region,Midnapore Division,"Chandrakona SO, Amsole BO, Andharnayan BO",+91 93309 69759,N/A,3.1,324.0,"Forest office, Village Garh, P.O Joypur, P.S Joypur, Dist Bankura, Beside Joypur, Bishnupur, West Bengal 722138",721201,23.061227,87.4366175,ChIJS7acG7ON9zkRkc60diq_Q20,https://www.google.com/maps/place/?q=place_id:ChIJS7acG7ON9zkRkc60diq_Q20,part_322,2026-09-20 20:17:41,4416
SOBUJ THIKANA by Chlorofeel II Jungle Camp II JHARGRAM,Resort,Resort hotel,Resort hotel,721201,West Bengal Circle,South Bengal Region,Midnapore Division,"Chandrakona SO, Amsole BO, Andharnayan BO",+91 62914 31367,N/A,4.5,129.0,"Banstala, Station Rd, Jhargram, West Bengal 721514",721201,22.4215067,87.0584906,ChIJ43vKjHt7HToROsNr2BIoeLs,https://www.google.com/maps/place/?q=place_id:ChIJ43vKjHt7HToROsNr2BIoeLs,part_322,2026-09-20 20:17:41,4417
Shinning Sand Beach Resort,Resort,Resort hotel,Resort hotel,721201,West Bengal Circle,South Bengal Region,Midnapore Division,"Chandrakona SO, Amsole BO, Andharnayan BO",N/A,https://shinningsand.com/,4.8,,"Mandarmani Beach Rd, Mandarmani, Sona Muhi, West Bengal 721455",721201,21.660139599999997,87.6857036,ChIJ_3A0L3EvAzoR3eWGLW2STHg,https://www.google.com/maps/place/?q=place_id:ChIJ_3A0L3EvAzoR3eWGLW2STHg,part_322,2026-09-20 20:17:41,4418
"Mobile Corner Service Center (LAVA,ITEL TECNO,INFINIX)",Resort,Cell phone store,"Cell phone store, Mobile home dealer, Repair service",721201,West Bengal Circle,South Bengal Region,Midnapore Division,"Chandrakona SO, Amsole BO, Andharnayan BO",+91 99324 41100,N/A,3.9,,"Gach Sitala, Chandrakona, West Bengal 721201",Gach Sitala,22.7303115,87.51107999999999,ChIJ8wfZje749zkRx4Ifk1HVYNg,https://www.google.com/maps/place/?q=place_id:ChIJ8wfZje749zkRx4Ifk1HVYNg,part_322,2026-09-20 20:17:41,4419
Maya Resort,Resort,Resort hotel,Resort hotel,721211,West Bengal Circle,South Bengal Region,Midnapore Division,"Daspur SO, Barhgobinda BO, Bhangabandh BO",+91 98363 88626,N/A,4.0,,"J7Q9+G65, Jotgiri, Howrah, West Bengal 711114",721211,22.638755699999997,88.26812079999999,ChIJoys54ECC-DkRSBoXBxg6yjI,https://www.google.com/maps/place/?q=place_id:ChIJoys54ECC-DkRSBoXBxg6yjI,part_322,2026-09-20 20:18:23,8871
OYO 48012 Star Village Resort,Resort,Hotel,"Hotel, Bed & breakfast, Guest house, Holiday home, Inn, Lodge, Motel, Service Apartment, Villa",721211,West Bengal Circle,South Bengal Region,Midnapore Division,"Daspur SO, Barhgobinda BO, Bhangabandh BO",+91 124 620 1612,https://www.oyorooms.com/77483,3.8,,"Mecheda, West Bengal 721137",721211,22.409899,87.8644054,ChIJIc7K5PmXAjoRfirol07YKuY,https://www.google.com/maps/place/?q=place_id:ChIJIc7K5PmXAjoRfirol07YKuY,part_322,2026-09-20 20:18:23,8872
Pratyasha Guest House and Resort,Resort,Family restaurant,"Family restaurant, Banquet hall, Conference center, Garden center, Guest house, Wedding service",721211,West Bengal Circle,South Bengal Region,Midnapore Division,"Daspur SO, Barhgobinda BO, Bhangabandh BO",+91 70473 32226,N/A,4.2,,"Astara, Narayandari, West Bengal 721172",721211,22.3276784,87.9077284,ChIJ9wREMMyXAjoR-ifQXO7A-9M,https://www.google.com/maps/place/?q=place_id:ChIJ9wREMMyXAjoR-ifQXO7A-9M,part_322,2026-09-20 20:18:23,8873
Annapurna inn hotel & lodge,Resort,Hotel,Hotel,721211,West Bengal Circle,South Bengal Region,Midnapore Division,"Daspur SO, Barhgobinda BO, Bhangabandh BO",+91 81456 76666,N/A,4.3,,"798V+M8P, National Highway - 60, Sanmaninathpur, West Bengal 721301",721211,22.2665376,87.3933737,ChIJXQrYtQxJHToRCe4ho2ip5Gk,https://www.google.com/maps/place/?q=place_id:ChIJXQrYtQxJHToRCe4ho2ip5Gk,part_322,2026-09-20 20:18:23,8874
Sea Bird Resort,Resort,Resort hotel,"Resort hotel, Restaurant",721211,West Bengal Circle,South Bengal Region,Midnapore Division,"Daspur SO, Barhgobinda BO, Bhangabandh BO",+91 98753 04349,https://seabirdresorts3.wixsite.com/seabird,3.2,,"Balisai- Tajpur Sea Beach Rd, Tajpur, West Bengal 721423",721211,21.651246399999998,87.6233226,ChIJkfDg2PwvAzoRpHV6mHfrK8M,https://www.google.com/maps/place/?q=place_id:ChIJkfDg2PwvAzoRpHV6mHfrK8M,part_322,2026-09-20 20:18:23,8875
Wave of sea beach resort,Resort,Hotel,Hotel,721211,West Bengal Circle,South Bengal Region,Midnapore Division,"Daspur SO, Barhgobinda BO, Bhangabandh BO",+91 74776 90707,http://www.wavesofseabeachresort.com/,4.6,,"Dadanpatrabar Mandarmani Kalindi Lal Kakra Beach Marine Drive Road, West Bengal 721455",721211,21.670634,87.7193291,ChIJR_rPvKQlAzoRV3TfcihEiUk,https://www.google.com/maps/place/?q=place_id:ChIJR_rPvKQlAzoRV3TfcihEiUk,part_322,2026-09-20 20:18:23,8876
QUEST INN BEACH RESORT,Resort,Resort hotel,Resort hotel,721211,West Bengal Circle,South Bengal Region,Midnapore Division,"Daspur SO, Barhgobinda BO, Bhangabandh BO",+91 62966 63434,http://www.questinn.in/,4.1,,"Marine Drive Road, Dadanpatra, Mandarmani, West Bengal 721455",Dadanpatra,21.6702428,87.7201638,ChIJdbAsaiIlAzoR5rPaL-AOz6M,https://www.google.com/maps/place/?q=place_id:ChIJdbAsaiIlAzoR5rPaL-AOz6M,part_322,2026-09-20 20:18:23,8877
Laser resort,Resort,Resort hotel,"Resort hotel, Hotel",721211,West Bengal Circle,South Bengal Region,Midnapore Division,"Daspur SO, Barhgobinda BO, Bhangabandh BO",+91 86533 48280,http://www.laserresort.co.in/,4.9,,"Baliara FrazerGanj, Coastal, Mousuni, West Bengal 743357",721211,21.6255485,88.2010445,ChIJw4xBHtmnAzoRQ7VZIcSHhww,https://www.google.com/maps/place/?q=place_id:ChIJw4xBHtmnAzoRQ7VZIcSHhww,part_322,2026-09-20 20:18:23,8878
Mohana Beach Resorts Mandarmani,Resort,Resort hotel,"Resort hotel, Hotel, Restaurant, Tourist attraction",721211,West Bengal Circle,South Bengal Region,Midnapore Division,"Daspur SO, Barhgobinda BO, Bhangabandh BO",+91 81450 75529,https://mohanabeachresort.com/,4.5,,"Mandarmani, West Bengal 721423",721211,21.6488026,87.650609,ChIJ8cui_dcxAzoR9ipw0Fn3aYQ,https://www.google.com/maps/place/?q=place_id:ChIJ8cui_dcxAzoR9ipw0Fn3aYQ,part_322,2026-09-20 20:18:23,8879
Sher Bengal Beach Resort,Resort,Resort hotel,Resort hotel,721211,West Bengal Circle,South Bengal Region,Midnapore Division,"Daspur SO, Barhgobinda BO, Bhangabandh BO",+91 97358 41584,http://www.sherbengal.com/,4.6,,"Mandarmani, West Bengal 721423",721211,21.649033199999998,87.6525238,ChIJV8P0G9YxAzoRAocaMtdQoRs,https://www.google.com/maps/place/?q=place_id:ChIJV8P0G9YxAzoRAocaMtdQoRs,part_322,2026-09-20 20:18:23,8880
Resort Saikat Saranya,Resort,Resort hotel,"Resort hotel, Hotel",721211,West Bengal Circle,South Bengal Region,Midnapore Division,"Daspur SO, Barhgobinda BO, Bhangabandh BO",+91 70633 97955,https://resortsaikatsaranya.com/,4.4,,"Dag - 668,667, Village - Dadanpatrabar, Para - Dadanpatra Police Station - Mandarmoni Coastal, Post office - Dadanpatrabar Mouza - 284, Mandarmani, West Bengal 721455",721211,21.6670868,87.70733609999999,ChIJbYGmTpMlAzoRcYOS9qvbK4c,https://www.google.com/maps/place/?q=place_id:ChIJbYGmTpMlAzoRcYOS9qvbK4c,part_322,2026-09-20 20:18:23,8881
T N Resorts,Resort,Resort hotel,Resort hotel,721211,West Bengal Circle,South Bengal Region,Midnapore Division,"Daspur SO, Barhgobinda BO, Bhangabandh BO",+91 89100 87483,https://tnresorts.in/,3.5,,"Mandarmani, West Bengal 721455",721211,21.667881599999998,87.7087947,ChIJG6tQoTglAzoRV9cZZ5thAjY,https://www.google.com/maps/place/?q=place_id:ChIJG6tQoTglAzoRV9cZZ5thAjY,part_322,2026-09-20 20:18:23,8882
Monchasha Rural Tourism,Resort,Resort hotel,"Resort hotel, Guest house, Farmstay",721211,West Bengal Circle,South Bengal Region,Midnapore Division,"Daspur SO, Barhgobinda BO, Bhangabandh BO",+91 94774 76376,https://monchasha.com/,4.4,424.0,"Village Paushi, Kalinager Road, Argoal, West Bengal 721444",721211,21.915434599999998,87.73500729999999,ChIJBdfIqJ_ZAjoRUchwb0exCGk,https://www.google.com/maps/place/?q=place_id:ChIJBdfIqJ_ZAjoRUchwb0exCGk,part_322,2026-09-20 20:18:24,8883
Moon Star Beach Resort,Resort,Resort hotel,Resort hotel,721211,West Bengal Circle,South Bengal Region,Midnapore Division,"Daspur SO, Barhgobinda BO, Bhangabandh BO",+91 76798 21412,https://moonstarresort.com/,4.4,514.0,"Costal Beach, Mandarmani, West Bengal 721423",721211,21.6518078,87.6592849,ChIJrwC7x9YvAzoR8616KaMVdGQ,https://www.google.com/maps/place/?q=place_id:ChIJrwC7x9YvAzoR8616KaMVdGQ,part_322,2026-09-20 20:18:24,8884
GRAND BEACH RESORT,Resort,Resort hotel,Resort hotel,721211,West Bengal Circle,South Bengal Region,Midnapore Division,"Daspur SO, Barhgobinda BO, Bhangabandh BO",+91 73640 24879,https://grandbeachresorts.in/,4.6,2214.0,"road, Mandarmani, West Bengal 721423",721211,21.652257499999997,87.65721719999999,ChIJxRq6Kg8vAzoRJTqLET_iQ4I,https://www.google.com/maps/place/?q=place_id:ChIJxRq6Kg8vAzoRJTqLET_iQ4I,part_322,2026-09-20 20:18:24,8885
Beach Walk Resort,Resort,Resort hotel,Resort hotel,721211,West Bengal Circle,South Bengal Region,Midnapore Division,"Daspur SO, Barhgobinda BO, Bhangabandh BO",+91 81709 38466,https://www.beachwalkresort.in/,4.7,829.0,"Mandarmani Beach Rd, Dadanpatra, Mandarmani, West Bengal 721455",721211,21.6624181,87.69665619999999,ChIJWbHwmlAvAzoRTESqhaIbkzA,https://www.google.com/maps/place/?q=place_id:ChIJWbHwmlAvAzoRTESqhaIbkzA,part_322,2026-09-20 20:18:24,8886
Vedic Village Spa Resort,Resort,Resort hotel,"Resort hotel, Hotel, Restaurant, Spa, Wellness hotel",721211,West Bengal Circle,South Bengal Region,Midnapore Division,"Daspur SO, Barhgobinda BO, Bhangabandh BO",+91 98300 25900,http://www.thevedicvillage.com/,4.2,,"Shikharpur P.O, Bagu, Newtown, Sikharpur, Kolkata, West Bengal 700135",Newtown,22.606458099999998,88.5280349,ChIJ7cLOrnAKAjoRArEOdr8ap7c,https://www.google.com/maps/place/?q=place_id:ChIJ7cLOrnAKAjoRArEOdr8ap7c,part_322,2026-09-20 20:18:24,8887
Sher Bengal River Resort - Kolaghat,Resort,Resort hotel,Resort hotel,721212,West Bengal Circle,South Bengal Region,Midnapore Division,"Ghatal SO, Balidanga BO, Bandar BO",+91 85360 10010,https://www.sherbengal.com/kolaghat/,4.7,1504.0,"Nowpala, Pal Para, PS, Bagnan, Kolaghat, West Bengal 711303",721212,22.4472886,87.88365519999999,ChIJoxFZZDCZAjoRvorBo_VluYg,https://www.google.com/maps/place/?q=place_id:ChIJoxFZZDCZAjoRvorBo_VluYg,part_322,2026-09-20 20:19:04,11071
Damodar River Retreat Garchumuk,Resort,Resort hotel,Resort hotel,721212,West Bengal Circle,South Bengal Region,Midnapore Division,"Ghatal SO, Balidanga BO, Bandar BO",+91 81006 86074,https://www.damodarriverretreat.com/,4.7,4542.0,"Garchumuk Haat, Bus Stop, Garchumubak Bus Stand, Uluberia - Shyampur Rd, Bargarchumbak, Kolkata, West Bengal 711312",721212,22.3635217,88.0533368,ChIJR0ivxqmPAjoRx8vsZRS1MFA,https://www.google.com/maps/place/?q=place_id:ChIJR0ivxqmPAjoRx8vsZRS1MFA,part_322,2026-09-20 20:19:04,11072
Rupasi Rupnarayan Kuthi,Resort,Resort hotel,"Resort hotel, Hotel, Restaurant",721212,West Bengal Circle,South Bengal Region,Midnapore Division,"Ghatal SO, Balidanga BO, Bandar BO",+91 93304 65660,https://rrkresort.com/,4.1,1580.0,"Tamluk - Kolaghat Rd, Naupala, Orphuli, West Bengal 711303",721212,22.4350932,87.8979919,ChIJX3E7etCZAjoRMX5qfWqZYBQ,https://www.google.com/maps/place/?q=place_id:ChIJX3E7etCZAjoRMX5qfWqZYBQ,part_322,2026-09-20 20:19:04,11073
Hotel Sonar Bangla Kolaghat,Resort,Resort hotel,"Resort hotel, Bed & breakfast",721212,West Bengal Circle,South Bengal Region,Midnapore Division,"Ghatal SO, Balidanga BO, Bandar BO",+91 90512 66260,https://hotelsonarbangla.com/kolaghat/,4.2,8271.0,"Nawpala, Orphooly, Bagnan, Howrah, West Bengal 711303",721212,22.4353767,87.89550919999999,ChIJ1ZRcRzmYAjoR2EFOxFpBE8I,https://www.google.com/maps/place/?q=place_id:ChIJ1ZRcRzmYAjoR2EFOxFpBE8I,part_322,2026-09-20 20:19:04,11074
shibdas resort,Resort,Home Stay,Home Stay,721212,West Bengal Circle,South Bengal Region,Midnapore Division,"Ghatal SO, Balidanga BO, Bandar BO",N/A,N/A,,,"MP7W+FPF, Ghatal, West Bengal 721212",721212,22.6636967,87.7468071,ChIJN8QsCwAJ-DkRWpKqo8DuYfQ,https://www.google.com/maps/place/?q=place_id:ChIJN8QsCwAJ-DkRWpKqo8DuYfQ,part_322,2026-09-20 20:19:04,11075
Raj Palace Guest House,Resort,Guest house,Guest house,721212,West Bengal Circle,South Bengal Region,Midnapore Division,"Ghatal SO, Balidanga BO, Bandar BO",N/A,N/A,3.7,33.0,"Konnagar, Paresh Nagar, Ghatal, West Bengal 721212","Konnagar, Paresh Nagar",22.662118,87.7324495,ChIJX43lRVgJ-DkR-cGPIZQi8fI,https://www.google.com/maps/place/?q=place_id:ChIJX43lRVgJ-DkR-cGPIZQi8fI,part_322,2026-09-20 20:19:04,11076
Rupnarayan Retreat - Eco Resort,Resort,Resort hotel,Resort hotel,721212,West Bengal Circle,South Bengal Region,Midnapore Division,"Ghatal SO, Balidanga BO, Bandar BO",N/A,N/A,4.0,1.0,"HW26+QR, Khalna, Pashchim Khalna, West Bengal 711413",721212,22.551876999999998,87.91201459999999,ChIJ-baJTgCfAjoRYTW4iOoeROk,https://www.google.com/maps/place/?q=place_id:ChIJ-baJTgCfAjoRYTW4iOoeROk,part_322,2026-09-20 20:19:04,11077
Larica Inn Kolaghat,Resort,Hotel,Hotel,721212,West Bengal Circle,South Bengal Region,Midnapore Division,"Ghatal SO, Balidanga BO, Bandar BO",N/A,http://laricahotels.in/,4.1,696.0,"Naupala, West Bengal 711303",721212,22.4465625,87.8829375,ChIJ9-J7ekuZAjoRjJ_fYUtgbfw,https://www.google.com/maps/place/?q=place_id:ChIJ9-J7ekuZAjoRjJ_fYUtgbfw,part_322,2026-09-20 20:19:04,11078
ASMITA HOTEL & RESTAURANTS & RESORT,Resort,Restaurant,Restaurant,721212,West Bengal Circle,South Bengal Region,Midnapore Division,"Ghatal SO, Balidanga BO, Bandar BO",+91 95648 87550,N/A,4.6,,"Mayal , Mayal Ramprasad Rd, Mayal, Bandipur, West Bengal 712617",721212,22.7414433,87.7612448,ChIJn453E9IP-DkRhxdGyJ51OXU,https://www.google.com/maps/place/?q=place_id:ChIJn453E9IP-DkRhxdGyJ51OXU,part_322,2026-09-20 20:19:05,11079
Narayan Traders Tarpaulin Dealer,Resort,Manufacturer,Manufacturer,721212,West Bengal Circle,South Bengal Region,Midnapore Division,"Ghatal SO, Balidanga BO, Bandar BO",+91 90510 74421,N/A,5.0,14.0,"31, Kishanlal Burman Rd, Bandhaghat, Salkia, Howrah, West Bengal 711106","Bandhaghat, Salkia",22.6010959,88.35019369999999,ChIJq6ouGNt3AjoRFhYfBqOXrO8,https://www.google.com/maps/place/?q=place_id:ChIJq6ouGNt3AjoRFhYfBqOXrO8,part_322,2026-09-20 20:19:06,11080
Mourya Riverside Resort,Resort,Resort hotel,Resort hotel,721222,West Bengal Circle,South Bengal Region,Midnapore Division,"Kharar SO West Midnapore, Agar BO, Dandipur BO",+91 97325 51650,N/A,3.5,149.0,"Near, Gandhighat Bus Bridge, near Gandhighat Bus Bridge, Patharghata, Midnapore, Shrirampur, West Bengal 721305",Patharghata,22.4024265,87.33994609999999,ChIJTZIHwtVEHToRipt37xzz9Bo,https://www.google.com/maps/place/?q=place_id:ChIJTZIHwtVEHToRipt37xzz9Bo,part_322,2026-09-20 20:19:43,12381
The Roop River Resort,Resort,Resort hotel,Resort hotel,721222,West Bengal Circle,South Bengal Region,Midnapore Division,"Kharar SO West Midnapore, Agar BO, Dandipur BO",+91 90381 25253,https://roopriverresort.in/,3.3,367.0,"CVPV+2V2, Kolaghat, Orphuli, Howrah, West Bengal 711303",Kolaghat,22.435005399999998,87.8946361,ChIJbRyTmcSZAjoR9fLgBLXCUFU,https://www.google.com/maps/place/?q=place_id:ChIJbRyTmcSZAjoR9fLgBLXCUFU,part_322,2026-09-20 20:19:43,12382
"Jaltaranga Eco Resort, Gadiara",Resort,Hotel,Hotel,721222,West Bengal Circle,South Bengal Region,Midnapore Division,"Kharar SO West Midnapore, Agar BO, Dandipur BO",N/A,http://www.jaltarangaecoresort.com/,4.1,174.0,"Gadiara, West Bengal 711314",721222,22.221440299999998,88.03783109999999,ChIJXRTRMQDzAjoR2uzSlzjjYp8,https://www.google.com/maps/place/?q=place_id:ChIJXRTRMQDzAjoR2uzSlzjjYp8,part_322,2026-09-20 20:19:43,12383
Resort Polok,Resort,Indoor lodging,Indoor lodging,721222,West Bengal Circle,South Bengal Region,Midnapore Division,"Kharar SO West Midnapore, Agar BO, Dandipur BO",N/A,N/A,3.5,39.0,"10, Chakkamina, Tamluk, West Bengal 721636",721222,22.2740974,87.9302201,ChIJQV7t0w2VAjoRnlmOKf6r2mg,https://www.google.com/maps/place/?q=place_id:ChIJQV7t0w2VAjoRnlmOKf6r2mg,part_322,2026-09-20 20:19:43,12384
Ibiza The Fern Resort & Spa,Resort,Resort hotel,"Resort hotel, Hotel",721222,West Bengal Circle,South Bengal Region,Midnapore Division,"Kharar SO West Midnapore, Agar BO, Dandipur BO",+91 33 6655 5555,https://www.ibizaresort.co.in/,4.3,7757.0,"Merlin Greens, Kriparampur P.S: Bishnupur, Diamond Harbour Rd, Kolkata, West Bengal 743503",Shirakol,22.351055799999997,88.2666634,ChIJQb5gU416AjoR_CtzQ0x8kas,https://www.google.com/maps/place/?q=place_id:ChIJQb5gU416AjoR_CtzQ0x8kas,part_322,2026-09-20 20:19:44,12385
Mallickaa Resort Tajpur,Resort,Resort hotel,"Resort hotel, Conference center, Hotel",721222,West Bengal Circle,South Bengal Region,Midnapore Division,"Kharar SO West Midnapore, Agar BO, Dandipur BO",+91 90739 08452,http://mallikaaresort.com/,4.1,583.0,"Post Office- Balisai, PS - Ramnagar, Tajpur, West Bengal 721423",721222,21.6495474,87.62221799999999,ChIJBQAAsMAtAzoRwaEEZbHnQEk,https://www.google.com/maps/place/?q=place_id:ChIJBQAAsMAtAzoRwaEEZbHnQEk,part_322,2026-09-20 20:19:44,12386
Krishti Resort,Resort,Resort hotel,Resort hotel,721222,West Bengal Circle,South Bengal Region,Midnapore Division,"Kharar SO West Midnapore, Agar BO, Dandipur BO",+91 82400 69674,http://krishtiresorts.com/,4.4,1723.0,"Krishti resorts, Balisai- Tajpur Sea Beach Rd, Jaldha, Tajpur, West Bengal 721423",721222,21.649623899999998,87.6129122,ChIJYXClDREtAzoR8Vezcy3Wg7w,https://www.google.com/maps/place/?q=place_id:ChIJYXClDREtAzoR8Vezcy3Wg7w,part_322,2026-09-20 20:19:44,12387
Swarnabhoomi Beach Resort,Resort,Resort hotel,Resort hotel,721222,West Bengal Circle,South Bengal Region,Midnapore Division,"Kharar SO West Midnapore, Agar BO, Dandipur BO",N/A,https://swarnabhoomiresort.com/,4.5,1509.0,"Swarnabhoomi Beach Resort, Coastal P.S, Sonamui, Marine Drive, Mandarmani, West Bengal 721455",721222,21.6586625,87.6898367,ChIJWcEpwCIvAzoRlHxCRaNSKVA,https://www.google.com/maps/place/?q=place_id:ChIJWcEpwCIvAzoRlHxCRaNSKVA,part_322,2026-09-20 20:19:44,12388
Swapnabhumi Resort & Hotel,Resort,Resort hotel,Resort hotel,721222,West Bengal Circle,South Bengal Region,Midnapore Division,"Kharar SO West Midnapore, Agar BO, Dandipur BO",+91 97357 47269,N/A,3.9,,"FW6G+CX4, Iswaripur , Bagnan, NH6, Barunda, West Bengal 711303",721222,22.4610067,87.9274591,ChIJb2lDRICZAjoRa3SDJU1vwJ0,https://www.google.com/maps/place/?q=place_id:ChIJb2lDRICZAjoRa3SDJU1vwJ0,part_322,2026-09-20 20:19:45,12389
Dhananjay Eco Resort,Resort,Resort hotel,Resort hotel,721232,West Bengal Circle,South Bengal Region,Midnapore Division,"Khirpai SO, Alui BO, Chaklachipur BO",+91 81003 18255,https://www.dhananjayecoresort.com/,4.1,,"P.O, Vill: Mangobindapur, Rohini- Kultikri -Keshiary Rd, Laudoha, West Bengal 721135",721232,22.162397,87.1248483,ChIJx2bQo6wTHToREWfM0So1Yds,https://www.google.com/maps/place/?q=place_id:ChIJx2bQo6wTHToREWfM0So1Yds,part_322,2026-09-20 20:20:25,13247
Country Roads,Resort,Resort hotel,"Resort hotel, Event venue, Hotel, Pub, Restaurant, Wedding venue",721232,West Bengal Circle,South Bengal Region,Midnapore Division,"Khirpai SO, Alui BO, Chaklachipur BO",+91 98362 85550,https://www.countryroads.co.in/,4.3,,"Opposite Raghudevpur Gram Panchayat Office, Domjur - Bauria Rd, Raghudevpur, West Bengal 711322","Beldubi, Nalpur",22.5292072,88.1516479,ChIJw0QyTbiAAjoRjiau4RshfrY,https://www.google.com/maps/place/?q=place_id:ChIJw0QyTbiAAjoRjiau4RshfrY,part_322,2026-09-20 20:20:25,13248
"Taj Ganga Kutir Resort & Spa, Raichak",Resort,Resort hotel,Resort hotel,721232,West Bengal Circle,South Bengal Region,Midnapore Division,"Khirpai SO, Alui BO, Chaklachipur BO",+91 3174 257 777,https://www.tajhotels.com/en-in/hotels/taj-ganga-kutir-raichak,4.4,,"Singhalganjabad, Roychak, Singhalganja Abad, West Bengal 743368",Singhalganjabad,22.2042878,88.131394,ChIJwX1fqgn1AjoRI6gHe67EAsk,https://www.google.com/maps/place/?q=place_id:ChIJwX1fqgn1AjoRI6gHe67EAsk,part_322,2026-09-20 20:20:25,13249
Ritz Riveria,Resort,Resort hotel,Resort hotel,721232,West Bengal Circle,South Bengal Region,Midnapore Division,"Khirpai SO, Alui BO, Chaklachipur BO",+91 95645 98876,http://www.ritsriveria.in/,3.9,,"Falta Kella, River side, Falta, West Bengal 743504",721232,22.2896368,88.1041047,ChIJBT-u25CLAjoRAY-1os7ZnMo,https://www.google.com/maps/place/?q=place_id:ChIJBT-u25CLAjoRAY-1os7ZnMo,part_322,2026-09-20 20:20:25,13250
Geonkhali Resort,Resort,Resort hotel,Resort hotel,721232,West Bengal Circle,South Bengal Region,Midnapore Division,"Khirpai SO, Alui BO, Chaklachipur BO",N/A,N/A,4.0,,"53R6+WHV, Chaitanyapur - Geonkhali Rd, Geonkhali, West Bengal 721603",721232,22.1923733,88.0614133,ChIJTS5tEhDzAjoRGEaLx2tpQgQ,https://www.google.com/maps/place/?q=place_id:ChIJTS5tEhDzAjoRGEaLx2tpQgQ,part_322,2026-09-20 20:20:25,13251
Megh Bari Eco Resort,Resort,Resort hotel,"Resort hotel, Hotel, Restaurant",721242,West Bengal Circle,South Bengal Region,Midnapore Division,"Ramjibanpur SO, Deopur Amdan BO, Dianpur BO",+91 87776 87968,https://meghbariresort.com/,4.5,662.0,"PO, Vill, Jagadispur, Dighra, West Bengal 741222","PO, Vill",23.0731952,88.5752351,ChIJQfMQ3XDH-DkRzUGLoXjhHyk,https://www.google.com/maps/place/?q=place_id:ChIJQfMQ3XDH-DkRzUGLoXjhHyk,part_322,2026-09-20 20:21:05,15623
The Vedam Resort,Resort,Resort hotel,Resort hotel,721242,West Bengal Circle,South Bengal Region,Midnapore Division,"Ramjibanpur SO, Deopur Amdan BO, Dianpur BO",+91 70030 28163,https://www.thevedamofficial.org/,4.1,3345.0,"1 Purushottambati, Sugandha, Purushattombati, West Bengal 712102",721242,22.9194469,88.33774609999999,ChIJDS0oGIKT-DkRXrVRrfwcBEE,https://www.google.com/maps/place/?q=place_id:ChIJDS0oGIKT-DkRXrVRrfwcBEE,part_322,2026-09-20 20:21:05,15624
JAL CHABI ECO RESORT,Resort,Resort hotel,Resort hotel,721242,West Bengal Circle,South Bengal Region,Midnapore Division,"Ramjibanpur SO, Deopur Amdan BO, Dianpur BO",N/A,https://www.jalchabiresort.com/,4.6,334.0,"HPG2+Q59 Bazar, Jhanjha Biswaspara, Road, Gorerdanga, Haroa, Jhanjha, West Bengal 743425",Gorerdanga,22.577009,88.70098089999999,ChIJ8ydArPsHAjoRtwEcrlj-OH0,https://www.google.com/maps/place/?q=place_id:ChIJ8ydArPsHAjoRtwEcrlj-OH0,part_322,2026-09-20 20:21:05,15625
Palm Village Resort,Resort,Resort hotel,Resort hotel,721242,West Bengal Circle,South Bengal Region,Midnapore Division,"Ramjibanpur SO, Deopur Amdan BO, Dianpur BO",+91 81006 65656,http://www.palmvillage.in/,3.8,3271.0,"C74M+397, Diamond Harbour Rd, Vasa, Khariberia, Bishnupur, Bhasa, West Bengal 743503","Vasa, Khariberia",22.405711999999998,88.280693,ChIJbwxe5qJfAjoR-5SJ0iZ7eBI,https://www.google.com/maps/place/?q=place_id:ChIJbwxe5qJfAjoR-5SJ0iZ7eBI,part_322,2026-09-20 20:21:05,15626
KHOLA HAWA RESORT ( HASNABAD / MOHANPUR /TAKI /NORTH 24 PARGANAS),Resort,Resort hotel,Resort hotel,721242,West Bengal Circle,South Bengal Region,Midnapore Division,"Ramjibanpur SO, Deopur Amdan BO, Dianpur BO",N/A,N/A,4.5,301.0,"Mohanpurabad, West Bengal 743426",721242,22.5624201,88.88769719999999,ChIJM59ZvI39AToR6Phng2df9ZM,https://www.google.com/maps/place/?q=place_id:ChIJM59ZvI39AToR6Phng2df9ZM,part_322,2026-09-20 20:21:05,15627
The Rajbari Bawali,Resort,Resort hotel,"Resort hotel, Bengali restaurant, Hotel, Lunch restaurant, Restaurant, Swimming pool, Tourist attraction",721242,West Bengal Circle,South Bengal Region,Midnapore Division,"Ramjibanpur SO, Deopur Amdan BO, Dianpur BO",+91 33 4180 0305,http://www.therajbari.com/,4.3,,"Bawali, Kolkata, Raypur, West Bengal 700137",Bawali,22.4210496,88.1927699,ChIJQXrxhYRjAjoRE8WBM7NtNMY,https://www.google.com/maps/place/?q=place_id:ChIJQXrxhYRjAjoRE8WBM7NtNMY,part_322,2026-09-20 20:21:06,15628
Banabithi Resort,Resort,Resort hotel,"Resort hotel, Hotel, Restaurant",721242,West Bengal Circle,South Bengal Region,Midnapore Division,"Ramjibanpur SO, Deopur Amdan BO, Dianpur BO",+91 99073 29221,http://banabithiresort.com/,4.6,9494.0,"Banabithi Ghatakpukur Ghatakpur road onward Ghatakpukur, to, Sonarpur road, Gulgachi, West Bengal 743502",721242,22.4891164,88.6096105,ChIJUS4zPygPAjoRXzvYazffahk,https://www.google.com/maps/place/?q=place_id:ChIJUS4zPygPAjoRXzvYazffahk,part_322,2026-09-20 20:21:07,15629
Banphool Tree House,Resort,Resort hotel,"Resort hotel, Cottage rental, Garden, Picnic ground, Restaurant, Swimming pool",721253,West Bengal Circle,South Bengal Region,Midnapore Division,"Satbankura SO, Akchara BO, Barpara BO",+91 76314 12345,http://www.banphoolresorts.com/,4.3,,"Katul Rd, Joypur, Katul, West Bengal 722138",721253,23.049732499999998,87.43453439999999,ChIJXQLLmpSN9zkRmk2d1nclFdA,https://www.google.com/maps/place/?q=place_id:ChIJXQLLmpSN9zkRmk2d1nclFdA,part_322,2026-09-20 20:21:54,17057
Forest Department Tourist Property Gangani,Resort,Resort hotel,Resort hotel,721253,West Bengal Circle,South Bengal Region,Midnapore Division,"Satbankura SO, Akchara BO, Barpara BO",N/A,https://ganganiresort.com/,3.7,,"V85R+9HQ, Gangani, West Bengal 721127",721253,22.8584529,87.3414744,ChIJ1_Kl_pzv9zkRi-tEir33Pzk,https://www.google.com/maps/place/?q=place_id:ChIJ1_Kl_pzv9zkRi-tEir33Pzk,part_322,2026-09-20 20:21:54,17058
Gangani Tourist Spot,Resort,Tourist attraction,Tourist attraction,721253,West Bengal Circle,South Bengal Region,Midnapore Division,"Satbankura SO, Akchara BO, Barpara BO",+91 1800 212 1655,https://ganganiresort.com/,4.4,1948.0,"Gangani, West Bengal 721127",Gangani,22.8588955,87.341257,ChIJE0bEWPXu9zkRvGO-oCEBsfI,https://www.google.com/maps/place/?q=place_id:ChIJE0bEWPXu9zkRvGO-oCEBsfI,part_322,2026-09-20 20:21:55,17059
The Cristallo Resort | Best Resort In Shantiniketan,Resort,Resort hotel,"Resort hotel, Bed & breakfast, Hotel, Lodge, Restaurant, Swimming pool",721260,West Bengal Circle,South Bengal Region,Midnapore Division,"Neradeul SO, Amdangra BO, Amuria BO",+91 98327 34532,https://www.thecristalloresort.com/,4.7,,"Khoai Haat, Sonajhuri, Santiniketan, West Bengal 731235",721260,23.69267,87.6679561,ChIJd5567r7d-TkRenpFjVmE2dE,https://www.google.com/maps/place/?q=place_id:ChIJd5567r7d-TkRenpFjVmE2dE,part_322,2026-09-20 20:22:41,18035
Laa Montre Collection Hotels & Resorts,Resort,Resort hotel,Resort hotel,721301,West Bengal Circle,South Bengal Region,Midnapore Division,"Kharagpur SO, Balarampur BO, Banpatna BO",N/A,https://laamontre.com/,4.6,10.0,"89WP+XG7, Orissa road, opposite of kharagpur metal, Khatranga, Kajla, Kharagpur, West Bengal 721301",721301,22.3473385,87.38638979999999,ChIJmxGsWcZPHToRMYPTPfCjrtU,https://www.google.com/maps/place/?q=place_id:ChIJmxGsWcZPHToRMYPTPfCjrtU,part_322,2026-09-20 20:23:31,20789
Sibani Resort,Resort,Restaurant,"Restaurant, Family restaurant, Resort hotel",721301,West Bengal Circle,South Bengal Region,Midnapore Division,"Kharagpur SO, Balarampur BO, Banpatna BO",+91 99328 26480,N/A,3.8,1136.0,"Chowrangee More, West Bengal 721305",721301,22.3710134,87.3415929,ChIJLVjsqAJFHToRFz3oe7dKM6o,https://www.google.com/maps/place/?q=place_id:ChIJLVjsqAJFHToRFz3oe7dKM6o,part_322,2026-09-20 20:23:31,20790
Relook Hotels (Inda Kharagpur),Resort,Hotel,"Hotel, Banquet hall, Guest house, Lodge, Restaurant",721301,West Bengal Circle,South Bengal Region,Midnapore Division,"Kharagpur SO, Balarampur BO, Banpatna BO",+91 80012 00463,https://relookhotels.com/,4.1,380.0,"Holding No. 1391/3, Ward, No: 2, Kharagpur City Rd, behind Khoshla Electronics, Ananda Nagar Colony, Inda, Kharagpur, West Bengal 721305","Ananda Nagar Colony, Inda",22.356384,87.3378011,ChIJb8-FmT1FHToRsho1gAJwNhk,https://www.google.com/maps/place/?q=place_id:ChIJb8-FmT1FHToRsho1gAJwNhk,part_322,2026-09-20 20:23:31,20791
Hotel Kaushik,Resort,Hotel,Hotel,721301,West Bengal Circle,South Bengal Region,Midnapore Division,"Kharagpur SO, Balarampur BO, Banpatna BO",+91 94340 63209,N/A,3.7,719.0,"NH-6, Jakpur, Rupnarayanpur, West Bengal 721305",Jakpur,22.376032499999997,87.3559995,ChIJk5_kYhFFHToR7WRTMgepMiQ,https://www.google.com/maps/place/?q=place_id:ChIJk5_kYhFFHToR7WRTMgepMiQ,part_322,2026-09-20 20:23:31,20792
The Mulbandh Resort,Resort,Resort hotel,Resort hotel,721301,West Bengal Circle,South Bengal Region,Midnapore Division,"Kharagpur SO, Balarampur BO, Banpatna BO",+91 99038 28725,https://mulbandhresort.com/,3.8,,"Mulbandh, West Bengal 721145",721301,22.2575802,87.2287753,ChIJQYKi6gZBHToRO6KGkOBPWQc,https://www.google.com/maps/place/?q=place_id:ChIJQYKi6gZBHToRO6KGkOBPWQc,part_322,2026-09-20 20:23:33,20793
HIDE AWAY RESORT - JHARGRAM,Resort,Resort hotel,"Resort hotel, Banquet hall, Hotel, Restaurant, Swimming pool",721301,West Bengal Circle,South Bengal Region,Midnapore Division,"Kharagpur SO, Balarampur BO, Banpatna BO",+91 98303 62222,https://stayhideaway.in/,4.8,,"CWQW+P5Q, VILL- TENGIA, PO-PAKURIA, DIST, Tanga, West Bengal 721514",721301,22.4387547,86.94644869999999,ChIJq8pWcJd5HToRIH2e193JD74,https://www.google.com/maps/place/?q=place_id:ChIJq8pWcJd5HToRIH2e193JD74,part_322,2026-09-20 20:23:33,20794
Karmakar Agro Industries Private Limited,Resort,Agrochemicals Supplier,"Agrochemicals Supplier, Agricultural cooperative, Agricultural Product Wholesaler, Agricultural production, Agricultural service, Chemical Manufacturer, Chemical plant, Chemical wholesaler, Fertilizer Store",721301,West Bengal Circle,South Bengal Region,Midnapore Division,"Kharagpur SO, Balarampur BO, Banpatna BO",+91 83889 46464,https://karmakar-agro-industries-pvt-ltd.ueniweb.com/,4.7,,"982P+996, Kharagpur City Rd, Inda, Kharagpur, West Bengal 721305",Inda,22.350907,87.3359057,ChIJDUD1xKJFHToR_Sk89ZHDWzY,https://www.google.com/maps/place/?q=place_id:ChIJDUD1xKJFHToR_Sk89ZHDWzY,part_322,2026-09-20 20:23:33,20795
VSP Showroom,Resort,Cricket shop,Cricket shop,721301,West Bengal Circle,South Bengal Region,Midnapore Division,"Kharagpur SO, Balarampur BO, Banpatna BO",+91 89720 83566,N/A,4.1,,"Sujaganj, Midnapore, West Bengal 721101",721301,22.407189,87.327015,ChIJI9ML2CtbHToR0_iLNlrtjWU,https://www.google.com/maps/place/?q=place_id:ChIJI9ML2CtbHToR0_iLNlrtjWU,part_322,2026-09-20 20:23:33,20796
Green View Hotel & Resort,Resort,Resort hotel,Resort hotel,721301,West Bengal Circle,South Bengal Region,Midnapore Division,"Kharagpur SO, Balarampur BO, Banpatna BO",+91 97097 02222,https://jhargramgvr.com/,3.8,,"Bikash bharati, Colony Rd, Jitusol, Jangal Khas, West Bengal 721513",721301,22.3707972,87.01878599999999,ChIJa3oHwCFxHToR8Hvg-kKSrBg,https://www.google.com/maps/place/?q=place_id:ChIJa3oHwCFxHToR8Hvg-kKSrBg,part_322,2026-09-20 20:23:33,20797
The Candlewood Park Beach Resort,Resort,Resort hotel,"Resort hotel, Spa",721303,West Bengal Circle,South Bengal Region,Midnapore Division,Kalaikunda A F SO,+91 90380 00999,https://www.thecandlewoodpark.com/,4.1,,"Sonamui P.O, Dadanpatraben, Mandarmani, Midnapore, West Bengal 721455",Dadanpatraben,21.6610247,87.6921405,ChIJaZxAgfkvAzoRdfODUTsJ9bM,https://www.google.com/maps/place/?q=place_id:ChIJaZxAgfkvAzoRdfODUTsJ9bM,part_322,2026-09-20 20:25:09,24491
Pritika Resort (On Beach),Resort,Resort hotel,"Resort hotel, Hotel",721303,West Bengal Circle,South Bengal Region,Midnapore Division,Kalaikunda A F SO,+91 98832 66063,http://www.tajpurpritikaresort.in/,4.1,,"Tajpur Beach Rd, Tajpur, West Bengal 721423",721303,21.6475758,87.63023249999999,ChIJScP27OIxAzoRRTEE91SPSfc,https://www.google.com/maps/place/?q=place_id:ChIJScP27OIxAzoRRTEE91SPSfc,part_322,2026-09-20 20:25:09,24492
Bhorpet Resort Digha,Resort,Resort hotel,"Resort hotel, Extended stay hotel, Hotel, Lodge, Motel, Restaurant, Tourist attraction, Travel lounge",721303,West Bengal Circle,South Bengal Region,Midnapore Division,Kalaikunda A F SO,+91 89670 33877,https://bhorpetdigha.com/,4.5,,"Nabagitika Cottage, NH116b, New Digha, Digha, West Bengal 721428",New Digha,21.622318999999997,87.50537489999999,ChIJjyTRbznNHDoRHxCrS8jU_kM,https://www.google.com/maps/place/?q=place_id:ChIJjyTRbznNHDoRHxCrS8jU_kM,part_322,2026-09-20 20:25:10,24493
Prof. S Ray resort,Resort,Garden,Garden,721304,West Bengal Circle,South Bengal Region,Midnapore Division,"Nimpura SO, Dharenda BO, Hariatara BO",N/A,N/A,4.9,9.0,"872J+C8, Balia, West Bengal 721301",721304,22.3011144,87.280844,ChIJXwTwi_BBHToRbqFdlBbWNgQ,https://www.google.com/maps/place/?q=place_id:ChIJXwTwi_BBHToRbqFdlBbWNgQ,part_322,2026-09-20 20:25:57,25208
Hotel Maya’s Inn,Resort,Hotel,Hotel,721305,West Bengal Circle,South Bengal Region,Midnapore Division,"Inda SO, Harishpur BO, Matkatpur BO",+91 89181 70061,N/A,3.8,,"Sangat bazar, SujaGunj, Midnapore, West Bengal 721101",SujaGunj,22.4097875,87.32620539999999,ChIJqbbAu9NbHToR_gaUldpL5Mk,https://www.google.com/maps/place/?q=place_id:ChIJqbbAu9NbHToR_gaUldpL5Mk,part_322,2026-09-20 20:26:55,26181
Sunset resort,Resort,Resort hotel,Resort hotel,721401,West Bengal Circle,South Bengal Region,Contai Division,"Contai HO, Ajodhyapur BO, Bahitrakunda BO",N/A,N/A,,,"QPRX+65J, Kanthi, Contai, West Bengal 721401",Kanthi,21.7905868,87.7478933,ChIJGWC9HQAnAzoRXw8cGOd5fPo,https://www.google.com/maps/place/?q=place_id:ChIJGWC9HQAnAzoRXw8cGOd5fPo,part_322,2026-09-20 20:28:34,27970
SONAR BANGLA RESORT,Resort,Resort hotel,"Resort hotel, Hotel",721401,West Bengal Circle,South Bengal Region,Contai Division,"Contai HO, Ajodhyapur BO, Bahitrakunda BO",+91 98305 11426,N/A,4.3,670.0,"Dadanpatrabar, Part no: ramnagar, coastal Mouza 284, Mandarmani, West Bengal 721455",721401,21.6651196,87.7047463,ChIJ0eYVe_8lAzoRwlPFhT3cNWQ,https://www.google.com/maps/place/?q=place_id:ChIJ0eYVe_8lAzoRwlPFhT3cNWQ,part_322,2026-09-20 20:28:34,27971
Ocean Beach Resort,Resort,Resort hotel,Resort hotel,721401,West Bengal Circle,South Bengal Region,Contai Division,"Contai HO, Ajodhyapur BO, Bahitrakunda BO",+91 93397 66094,http://oceanbeachresort.in/,4.3,691.0,"Silampur, Ramnagar I, Mandarmani, West Bengal 721423",Silampur,21.6516502,87.65954769999999,ChIJEXn_-bYvAzoRZnnz0jjgi4s,https://www.google.com/maps/place/?q=place_id:ChIJEXn_-bYvAzoRZnnz0jjgi4s,part_322,2026-09-20 20:28:34,27972
RESORT SHREYASI,Resort,Hotel,Hotel,721401,West Bengal Circle,South Bengal Region,Contai Division,"Contai HO, Ajodhyapur BO, Bahitrakunda BO",+91 83486 97435,https://www.resortshreyasi.com/,5.0,1.0,"Vill Uttar Darua,Po, Ps, near Green And Glory, Darua, Contai, West Bengal 721401",721401,21.7889458,87.7594376,ChIJ7VrSSrcnAzoRYwCpfOnVypU,https://www.google.com/maps/place/?q=place_id:ChIJ7VrSSrcnAzoRYwCpfOnVypU,part_322,2026-09-20 20:28:34,27973
A1 Beach Resort,Resort,Resort hotel,"Resort hotel, Hotel",721401,West Bengal Circle,South Bengal Region,Contai Division,"Contai HO, Ajodhyapur BO, Bahitrakunda BO",+91 81674 21850,N/A,4.6,644.0,"dakshin purushottampur, Mandarmani, West Bengal 721455",721401,21.6760923,87.7291158,ChIJEU4IC1UlAzoRodSMWdu-maQ,https://www.google.com/maps/place/?q=place_id:ChIJEU4IC1UlAzoRodSMWdu-maQ,part_322,2026-09-20 20:28:34,27974
Sun City Resort Mandarmani,Resort,Resort hotel,Resort hotel,721401,West Bengal Circle,South Bengal Region,Contai Division,"Contai HO, Ajodhyapur BO, Bahitrakunda BO",+91 33 4025 1111,https://chocolatehotels.in/suncitymandarmoni/,3.8,,"Beach, Mandarmani, West Bengal 721455",721401,21.6522692,87.66732139999999,ChIJ6XZ3Tt8xAzoRLkyK0OziF4Y,https://www.google.com/maps/place/?q=place_id:ChIJ6XZ3Tt8xAzoRLkyK0OziF4Y,part_322,2026-09-20 20:28:35,27975
Classic Beach Resort,Resort,Resort hotel,"Resort hotel, Hotel",721402,West Bengal Circle,South Bengal Region,Contai Division,Contai Super Market SO,+91 85858 81808,https://classicbeachresort.com/,4.6,,"Mandarmani Beach Rd, Mandarmani, West Bengal 721423",721402,21.6500098,87.6496504,ChIJVUdFKb0xAzoRnXdK0qXg_QU,https://www.google.com/maps/place/?q=place_id:ChIJVUdFKb0xAzoRnXdK0qXg_QU,part_322,2026-09-20 20:29:24,32898
Lake view village resort,Resort,Holiday apartment rental,Holiday apartment rental,721402,West Bengal Circle,South Bengal Region,Contai Division,Contai Super Market SO,+91 98325 16650,https://lakeviewgroupofhotels.com/,3.2,,"Tajpur, West Bengal 721423",721402,21.6550886,87.62871229999999,ChIJR8TnRwAvAzoRlbedSxaVXCM,https://www.google.com/maps/place/?q=place_id:ChIJR8TnRwAvAzoRlbedSxaVXCM,part_322,2026-09-20 20:29:24,32899
Relax Resort,Resort,Resort hotel,Resort hotel,721402,West Bengal Circle,South Bengal Region,Contai Division,Contai Super Market SO,+91 99326 98798,https://relaxresorttajpur.com/,4.3,,"JJWH+RQ8, Tajpur Beach Rd, Tajpur, West Bengal 721423",721402,21.647087,87.62945909999999,ChIJHxzWbwAxAzoREYrIcUaglco,https://www.google.com/maps/place/?q=place_id:ChIJHxzWbwAxAzoREYrIcUaglco,part_322,2026-09-20 20:29:24,32900
Resort Priyajeet,Resort,Resort hotel,Resort hotel,721402,West Bengal Circle,South Bengal Region,Contai Division,Contai Super Market SO,+91 98300 30679,https://resortpriyajeet.in/,4.2,,"Resort priyajeet, Mandarmani, West Bengal 721455",721402,21.662051599999998,87.699027,ChIJWZYdkFclAzoRhlBlIGVwQS4,https://www.google.com/maps/place/?q=place_id:ChIJWZYdkFclAzoRhlBlIGVwQS4,part_322,2026-09-20 20:29:24,32901
"Barsha Beach Resort & Spa, Mandarmani",Resort,Resort hotel,"Resort hotel, Extended stay hotel",721402,West Bengal Circle,South Bengal Region,Contai Division,Contai Super Market SO,+91 78903 02010,https://barshabeachresort.in/,4.2,,"Beach road, Dadanpatrabar, Mandarmani, West Bengal 721455",Dadanpatrabar,21.6614328,87.6990127,ChIJt1gZQxglAzoRnkGkX8l_qrc,https://www.google.com/maps/place/?q=place_id:ChIJt1gZQxglAzoRnkGkX8l_qrc,part_322,2026-09-20 20:29:24,32902
The Triton Beach Resort,Resort,Resort hotel,Resort hotel,721402,West Bengal Circle,South Bengal Region,Contai Division,Contai Super Market SO,+91 89727 78029,N/A,4.1,,"Mandarmani, West Bengal 721455",721402,21.6655983,87.70650719999999,ChIJGXanLgAlAzoROgB9leiQOi4,https://www.google.com/maps/place/?q=place_id:ChIJGXanLgAlAzoROgB9leiQOi4,part_322,2026-09-20 20:29:24,32903
Mandarmani Kiss of Sea Resort,Resort,Resort hotel,"Resort hotel, Holiday apartment rental",721402,West Bengal Circle,South Bengal Region,Contai Division,Contai Super Market SO,+91 89824 19152,N/A,4.2,,"Mandarmani Sea Beach Rd, Mandarmani, West Bengal 721455",721402,21.6642154,87.70612849999999,ChIJDY3UNSQlAzoRNMiUL1Qz4uw,https://www.google.com/maps/place/?q=place_id:ChIJDY3UNSQlAzoRNMiUL1Qz4uw,part_322,2026-09-20 20:29:24,32904
Seastar Resort Mandarmani,Resort,Resort hotel,"Resort hotel, Hotel",721402,West Bengal Circle,South Bengal Region,Contai Division,Contai Super Market SO,+91 98305 25308,http://seastarmandarmoni.com/,4.5,,"Mandarmoni Beach Road PO-Kalindi, Midnapur( East, Mandarmani, West Bengal 721423",Midnapur( East,21.649278799999998,87.6543282,ChIJxxqB9dUxAzoR02FdmgA2I3U,https://www.google.com/maps/place/?q=place_id:ChIJxxqB9dUxAzoR02FdmgA2I3U,part_322,2026-09-20 20:29:26,32905
SEA WAVE BEACH RESORT,Resort,Resort hotel,Resort hotel,721402,West Bengal Circle,South Bengal Region,Contai Division,Contai Super Market SO,+91 89103 21616,N/A,4.6,,"near by biswa bangla, Bhadra, Tajpur, West Bengal 721423",Bhadra,21.649404399999998,87.63356999999999,ChIJiRud7A0zAzoR4eBGDJJcWO0,https://www.google.com/maps/place/?q=place_id:ChIJiRud7A0zAzoR4eBGDJJcWO0,part_322,2026-09-20 20:29:26,32906
Anutri Beach Resort,Resort,Resort hotel,Resort hotel,721403,West Bengal Circle,South Bengal Region,Contai Division,Contai Bazar SO,+91 74395 38872,https://anutribeach.com/,4.6,,"Beach Access, Mandarmani, West Bengal 721423",721403,21.6485415,87.6511384,ChIJpwKFyOQvAzoRepUip49nRMQ,https://www.google.com/maps/place/?q=place_id:ChIJpwKFyOQvAzoRepUip49nRMQ,part_322,2026-09-20 20:30:16,35742
HYAT LUXURY BEACH RESORT,Resort,Resort hotel,"Resort hotel, Backpacker Hostel",721403,West Bengal Circle,South Bengal Region,Contai Division,Contai Bazar SO,+91 73629 18959,https://hyat-luxury-beach.grexa.site/,3.4,85.0,"HYAT LUXURY, mohana,Jholdakhoti brige, Mandarmani, West Bengal 721455",721403,21.6522722,87.64327569999999,ChIJQQKGYQAvAzoR6sXIZSWxR3w,https://www.google.com/maps/place/?q=place_id:ChIJQQKGYQAvAzoR6sXIZSWxR3w,part_322,2026-09-20 20:30:17,35743
Gogol Beach Resort,Resort,Resort hotel,Resort hotel,721404,West Bengal Circle,South Bengal Region,Contai Division,Karkuli SO,+91 98005 91703,https://www.gogolbeachresort.com/,4.5,456.0,"Mandarmani, Silampur, West Bengal 721423",721404,21.6514307,87.6580232,ChIJ_9zsr7EvAzoRS4o4Pm3hKjg,https://www.google.com/maps/place/?q=place_id:ChIJ_9zsr7EvAzoRS4o4Pm3hKjg,part_322,2026-09-20 20:31:08,37129
Victoria Beach Resort,Resort,Resort hotel,"Resort hotel, Hotel",721404,West Bengal Circle,South Bengal Region,Contai Division,Karkuli SO,+91 84200 47205,http://victoriabeachresort.com/,4.1,2023.0,"VICTORIA BEACH RESORT, Mandarmani Beach Rd, Mandarmani, West Bengal 721423",721404,21.652002,87.6588714,ChIJb3hNN9UvAzoR2LFEP7wMgyE,https://www.google.com/maps/place/?q=place_id:ChIJb3hNN9UvAzoR2LFEP7wMgyE,part_322,2026-09-20 20:31:08,37130
Bombay Beach Resort,Resort,Hotel,Hotel,721404,West Bengal Circle,South Bengal Region,Contai Division,Karkuli SO,+91 90070 27878,https://www.bbresorts.co.in/,4.6,10661.0,"Mandarmoni, Dadanpatrabar, Mandarmani, West Bengal 721455",721404,21.6652341,87.708227,ChIJPwouGFolAzoRRNZOiRJRPeI,https://www.google.com/maps/place/?q=place_id:ChIJPwouGFolAzoRRNZOiRJRPeI,part_322,2026-09-20 20:31:08,37131
NEEL NIRJANEY RESORTS,Resort,Resort hotel,Resort hotel,721404,West Bengal Circle,South Bengal Region,Contai Division,Karkuli SO,+91 99035 93610,https://neelnirjaney.com/,4.5,504.0,"Mandarmani Beach Rd, Mandarmani, West Bengal 721455",721404,21.6574925,87.6856404,ChIJKbfA9XgvAzoRHr3xE13olAs,https://www.google.com/maps/place/?q=place_id:ChIJKbfA9XgvAzoRHr3xE13olAs,part_322,2026-09-20 20:31:08,37132
The Sana Beach Resort,Resort,Resort hotel,Resort hotel,721405,West Bengal Circle,South Bengal Region,Contai Division,"Athilagori SO, Durmuth BO",+91 98319 25066,http://mandarmonihotels.com/SanaBeach/,4.1,,"The Sana Beach Resorts, Mandarmani, West Bengal 721423",721405,21.650436,87.6550846,ChIJs7f9_1slAzoRInUk7HKHByQ,https://www.google.com/maps/place/?q=place_id:ChIJs7f9_1slAzoRInUk7HKHByQ,part_322,2026-09-20 20:31:56,38652
Signature Resorts,Resort,Resort hotel,Resort hotel,721405,West Bengal Circle,South Bengal Region,Contai Division,"Athilagori SO, Durmuth BO",+91 82610 07076,N/A,4.6,,"Surabardi Rd, Drugdhamna, Nagpur, Maharashtra 440021",721405,21.161284,78.947238,ChIJHfsqEQDr1DsRjBCJe_D8frs,https://www.google.com/maps/place/?q=place_id:ChIJHfsqEQDr1DsRjBCJe_D8frs,part_322,2026-09-20 20:31:57,38653
Shikra Mountains & Hills Resort,Resort,Resort hotel,Resort hotel,721406,West Bengal Circle,South Bengal Region,Contai Division,Monoharchak SO,+91 78929 09434,N/A,4.3,110.0,"Village + PO - Mosina, Gola Rd, Jhalda P, West Bengal 723202",721406,23.3721987,85.95505709999999,ChIJi59Kmy019DkRd0Qhb94Qb9U,https://www.google.com/maps/place/?q=place_id:ChIJi59Kmy019DkRd0Qhb94Qb9U,part_322,2026-09-20 20:32:48,40015
Pink pearl beach resort,Resort,Resort hotel,Resort hotel,721406,West Bengal Circle,South Bengal Region,Contai Division,Monoharchak SO,N/A,https://www.pinkpearlbeachresort.in/,4.5,134.0,"Marine Drive Road, Mandarmani, Dadanpatra, West Bengal 721455",721406,21.670569699999998,87.71983019999999,ChIJ592qUrklAzoRODgzI5L6N04,https://www.google.com/maps/place/?q=place_id:ChIJ592qUrklAzoRODgzI5L6N04,part_322,2026-09-20 20:32:48,40016
Kekaboni Retreat,Resort,Resort hotel,Resort hotel,721406,West Bengal Circle,South Bengal Region,Contai Division,Monoharchak SO,+91 62900 21126,https://kekaboni.in/,4.6,,"Satbaki Road, Kankrajhor, Kankrajhore, West Bengal 721501",721406,22.685254999999998,86.618298,ChIJUe5z9LIj9jkRFihX-Lhm6j4,https://www.google.com/maps/place/?q=place_id:ChIJUe5z9LIj9jkRFihX-Lhm6j4,part_322,2026-09-20 20:32:49,40017
SONAR TORI RESORT,Resort,Resort hotel,Resort hotel,721406,West Bengal Circle,South Bengal Region,Contai Division,Monoharchak SO,+91 89188 19832,https://sonartoriresort.in/,4.7,,"Mousuni Island, near Salt Gheri Manasa Mata Mandir, Baliara, Namkhana, West Bengal 743357",721406,21.640610799999997,88.1976646,ChIJkzl_AdWnAzoRSqKP2Pdh-M4,https://www.google.com/maps/place/?q=place_id:ChIJkzl_AdWnAzoRSqKP2Pdh-M4,part_322,2026-09-20 20:32:49,40018
New Sonar Bangla Resort,Resort,Resort hotel,"Resort hotel, Hotel",721406,West Bengal Circle,South Bengal Region,Contai Division,Monoharchak SO,+91 74790 16416,http://newsonarbanglaresort.com/,4.4,,"Tajpur, West Bengal 721423",721406,21.6503309,87.61883279999999,ChIJaajbVAcuAzoRooytVmRAE78,https://www.google.com/maps/place/?q=place_id:ChIJaajbVAcuAzoRooytVmRAE78,part_322,2026-09-20 20:32:49,40019
Marine drive beach resorts,Resort,Hotel,Hotel,721420,West Bengal Circle,South Bengal Region,Contai Division,"Baita Bazar SO, Alangiri BO, Jerthan BO",+91 97329 91111,N/A,4.7,35.0,"MPHP+Q36, Purushottampur, Mandarmani, West Bengal 721455",721420,21.6794098,87.7351383,ChIJUw6MvXUlAzoRfu7T3n6uQ80,https://www.google.com/maps/place/?q=place_id:ChIJUw6MvXUlAzoRfu7T3n6uQ80,part_322,2026-09-20 20:33:36,42885
The Grand Preesha Resort,Resort,Resort hotel,"Resort hotel, Event venue, Hotel, Wedding venue",721420,West Bengal Circle,South Bengal Region,Contai Division,"Baita Bazar SO, Alangiri BO, Jerthan BO",+91 70002 71165,https://grandpreesharesort.com/,4.8,307.0,"holycross school, to, mandideep road, near academy of nursing college, Amrawat kalan, Kolar Rd, Bhopal, Madhya Pradesh 462042","Amrawat kalan, Kolar Rd",23.108444799999997,77.43775769999999,ChIJPbsPFgBFfDkRXBfMI-A4Y0I,https://www.google.com/maps/place/?q=place_id:ChIJPbsPFgBFfDkRXBfMI-A4Y0I,part_322,2026-09-20 20:33:36,42886
Svasti Resort,Resort,Resort hotel,"Resort hotel, Banquet hall, Marriage celebrant, Restaurant",721420,West Bengal Circle,South Bengal Region,Contai Division,"Baita Bazar SO, Alangiri BO, Jerthan BO",+91 79747 32766,N/A,4.8,63.0,"Sumitra Parisar, 22/2, kolar, 21/2, Road, near Mansarovar Dental College, Rajharsh Colony, Hinotiya Alam, Bhopal, Sankhedi, Madhya Pradesh 462042","Rajharsh Colony, Hinotiya Alam",23.1590038,77.4304868,ChIJQ77hm1ZFfDkRZqM_t_1pe40,https://www.google.com/maps/place/?q=place_id:ChIJQ77hm1ZFfDkRZqM_t_1pe40,part_322,2026-09-20 20:33:36,42887
Gangadarsan hotel and resort,Resort,Hotel,Hotel,721420,West Bengal Circle,South Bengal Region,Contai Division,"Baita Bazar SO, Alangiri BO, Jerthan BO",+91 81452 22888,http://gangadarsan.com/,4.5,69.0,"Shyampur - Gadiara Rd, near Satsang Kendra, Riverside, Gadiara, West Bengal 711314",Riverside,22.2231228,88.05039479999999,ChIJ-zddOQDzAjoRnGRGyR8G6Ik,https://www.google.com/maps/place/?q=place_id:ChIJ-zddOQDzAjoRnGRGyR8G6Ik,part_322,2026-09-20 20:33:36,42888
AARANNYAK ECO RESORT,Resort,Home Stay,Home Stay,721420,West Bengal Circle,South Bengal Region,Contai Division,"Baita Bazar SO, Alangiri BO, Jerthan BO",+91 97487 60102,https://aarannyakecoresortandorganicfarming.com/,4.1,337.0,"SANTOSHPUR, Bagnan, Howrah, West Bengal 711312",721420,22.4469842,87.9920195,ChIJ7ZHrsjGbAjoRlFDFmNs4MLE,https://www.google.com/maps/place/?q=place_id:ChIJ7ZHrsjGbAjoRlFDFmNs4MLE,part_322,2026-09-20 20:33:36,42889
Blue lagoon Resort : Resorts in Bhopal | Wedding Venue Bhopal | Restaurant,Resort,Resort hotel,"Resort hotel, Hotel, Bed & breakfast, Restaurant",721420,West Bengal Circle,South Bengal Region,Contai Division,"Baita Bazar SO, Alangiri BO, Jerthan BO",+91 77229 98891,https://bluelagoonfarm.com/,4.2,2160.0,"Near by sai Academy in front of horse Academy Bhishenkhedi, rode, Bhadbhada, Bhopal, Madhya Pradesh 462044","Bhadbhada, Bisankhedi",23.225141999999998,77.3424276,ChIJIyNXW1FdfDkRZ0pXzd_7lpQ,https://www.google.com/maps/place/?q=place_id:ChIJIyNXW1FdfDkRZ0pXzd_7lpQ,part_322,2026-09-20 20:33:36,42890
Maha Milan Resort,Resort,Hotel,Hotel,721420,West Bengal Circle,South Bengal Region,Contai Division,"Baita Bazar SO, Alangiri BO, Jerthan BO",N/A,N/A,4.3,39.0,"P6M3+6GP, Lohpiti, Jharkhand 828305",721420,23.733083999999998,86.20381789999999,ChIJdyh0WwAf9DkRsFXtlUces1o,https://www.google.com/maps/place/?q=place_id:ChIJdyh0WwAf9DkRsFXtlUces1o,part_322,2026-09-20 20:33:36,42891
Lake View Huts and Resort,Resort,Resort hotel,Resort hotel,721420,West Bengal Circle,South Bengal Region,Contai Division,"Baita Bazar SO, Alangiri BO, Jerthan BO",+91 98992 75153,https://haryanatourism.gov.in/hotel-detail?serviceid=24,4.1,1077.0,"F7JP+Q4M, Lakewood city, Surajkund, Faridabad, Haryana 121009","Lakewood city, Surajkund",28.4819505,77.2852963,ChIJU5ZfTy3nDDkREzNyq06aZjA,https://www.google.com/maps/place/?q=place_id:ChIJU5ZfTy3nDDkREzNyq06aZjA,part_322,2026-09-20 20:33:36,42892
Wedlock Greens Hotels & Resorts,Resort,Resort hotel,"Resort hotel, Banquet hall, Conference center, Event venue, Hotel, Restaurant",721420,West Bengal Circle,South Bengal Region,Contai Division,"Baita Bazar SO, Alangiri BO, Jerthan BO",+91 70705 87777,https://www.wedlockgreens.com/wedlock-greens-hotels-resort-dhanbad/,4.3,3818.0,"Bhatia More, Kasitand, NH-2, Gobindpur, Jharkhand 826010",721420,23.845807,86.4738792,ChIJC1yII7y79jkRZEZ1pdEoBxM,https://www.google.com/maps/place/?q=place_id:ChIJC1yII7y79jkRZEZ1pdEoBxM,part_322,2026-09-20 20:33:36,42893
"MPT Kerwa Resort, Bhopal",Resort,Hotel,Hotel,721420,West Bengal Circle,South Bengal Region,Contai Division,"Baita Bazar SO, Alangiri BO, Jerthan BO",+91 755 269 6736,https://mpstdc.com/accommodation/Bhopal/MPT-Kerwa-Resort-Bhopal,4.2,991.0,"Mendori, Bhopal, Madhya Pradesh 462044",721420,23.166616599999998,77.37326829999999,ChIJdxPE3K1cfDkR6pfVsyT-PJ0,https://www.google.com/maps/place/?q=place_id:ChIJdxPE3K1cfDkR6pfVsyT-PJ0,part_322,2026-09-20 20:33:36,42894
Ruby Resort,Resort,Resort hotel,Resort hotel,721420,West Bengal Circle,South Bengal Region,Contai Division,"Baita Bazar SO, Alangiri BO, Jerthan BO",+91 81035 11670,N/A,4.2,158.0,"Bhauri Bypass Rd, near NIFT college, beside Fortune smart city, Bhauri, Bhopal, Madhya Pradesh 462030",721420,23.2895063,77.2840392,ChIJu9ndZNVnfDkRA1ThCnBulHY,https://www.google.com/maps/place/?q=place_id:ChIJu9ndZNVnfDkRA1ThCnBulHY,part_322,2026-09-20 20:33:36,42895
Amla Tree Jungle Resort | Best Resort in Bhopal,Resort,Resort hotel,"Resort hotel, Extended stay hotel, Family restaurant, Home Stay, Hotel, Restaurant, Student dormitory, Villa",721420,West Bengal Circle,South Bengal Region,Contai Division,"Baita Bazar SO, Alangiri BO, Jerthan BO",+91 91446 92914,https://amlatreejungleresort.com/,4.6,67.0,"Kolar Road, Kalapani, Jod, Gol, Bhopal, Madhya Pradesh 462042",721420,23.0940714,77.3958662,ChIJ61BhEFZFfDkRbHxAENxG6a4,https://www.google.com/maps/place/?q=place_id:ChIJ61BhEFZFfDkRbHxAENxG6a4,part_322,2026-09-20 20:33:36,42896
Ganga Bitan Family Inn,Resort,Hotel,"Hotel, Home Stay",721420,West Bengal Circle,South Bengal Region,Contai Division,"Baita Bazar SO, Alangiri BO, Jerthan BO",+91 86976 00253,https://www.gangabitanfamilyinn.com/,4.4,626.0,"Ganga Bitan Family Inn, Plot no. A-7, Belari, Uluberia - Shyampur Rd, Dhulasimla, West Bengal 711315",721420,22.3693928,88.087668,ChIJ4U_6V6uPAjoRHi6P7jqrELw,https://www.google.com/maps/place/?q=place_id:ChIJ4U_6V6uPAjoRHi6P7jqrELw,part_322,2026-09-20 20:33:36,42897
The Whispering Palms Resort & Garden,Resort,Resort hotel,"Resort hotel, Cafe, Restaurant",721420,West Bengal Circle,South Bengal Region,Contai Division,"Baita Bazar SO, Alangiri BO, Jerthan BO",+91 70245 34421,http://whisperingpalmresorts.in/,4.2,283.0,"behind Aditya Avenue, Laukhedi, Bairagarh, Bhopal, Madhya Pradesh 462030","Laukhedi, Bairagarh",23.282341499999998,77.3516416,ChIJA3k9kH5nfDkRibMDMvtQFMw,https://www.google.com/maps/place/?q=place_id:ChIJA3k9kH5nfDkRibMDMvtQFMw,part_322,2026-09-20 20:33:36,42898
Haut Monde Hill Stream Resort and Spa,Resort,Resort hotel,Resort hotel,721420,West Bengal Circle,South Bengal Region,Contai Division,"Baita Bazar SO, Alangiri BO, Jerthan BO",+91 85880 55446,https://www.hautmondehotels.com/hill-stream-resort-dehradun/,3.8,924.0,"Kokliyal Gaon, Patti Saklana, Tehsil Dhanaulti, Dehradun, Uttarakhand 249145",721420,30.3322647,78.1673249,ChIJ4W7HZ0knCTkRlzXN2BwUmaY,https://www.google.com/maps/place/?q=place_id:ChIJ4W7HZ0knCTkRlzXN2BwUmaY,part_322,2026-09-20 20:33:36,42899
The Doon Valley Resort,Resort,Resort hotel,Resort hotel,721420,West Bengal Circle,South Bengal Region,Contai Division,"Baita Bazar SO, Alangiri BO, Jerthan BO",+91 76174 01088,N/A,4.7,55.0,"Sahastradhara, Timilimansingh, Uttarakhand 248013",Sahastradhara,30.3880321,78.1304372,ChIJ3wSr43jXCDkRpbYqgLv7p98,https://www.google.com/maps/place/?q=place_id:ChIJ3wSr43jXCDkRpbYqgLv7p98,part_322,2026-09-20 20:33:36,42900
TMG - The Mystique Garden Resort,Resort,Resort hotel,"Resort hotel, Restaurant, Swimming pool, Wedding venue",721420,West Bengal Circle,South Bengal Region,Contai Division,"Baita Bazar SO, Alangiri BO, Jerthan BO",N/A,http://tmgresort.com/,4.5,402.0,"8 Lane, Bhiphore Hirak Rd, opp. Nexa Service centre, beside Srinath Marble, Kunj Vihar, Dhanbad, Jharkhand 826010",Kunj Vihar,23.826919,86.4555559,ChIJLVSNNLu79jkR9UrYTainIHk,https://www.google.com/maps/place/?q=place_id:ChIJLVSNNLu79jkR9UrYTainIHk,part_322,2026-09-20 20:33:36,42901
Mango Mist Resorts,Resort,Resort hotel,Resort hotel,721420,West Bengal Circle,South Bengal Region,Contai Division,"Baita Bazar SO, Alangiri BO, Jerthan BO",+91 90600 90777,http://www.mangomist.com/,4.6,65428.0,"Survey No 33&37, Harapanahalli Jigani Hobli, Anekal, Taluk, Bengaluru, Karnataka 560105",721420,12.7847989,77.62164179999999,ChIJf_JM-2JprjsRwPe63Ub1dGw,https://www.google.com/maps/place/?q=place_id:ChIJf_JM-2JprjsRwPe63Ub1dGw,part_322,2026-09-20 20:33:37,42902
The Grand Machal Resorts & Clubs,Resort,Resort hotel,"Resort hotel, Adventure Sports Center, Amusement center, Park & ride, Recreation center, Amusement park, Water park, Wedding venue",721420,West Bengal Circle,South Bengal Region,Contai Division,"Baita Bazar SO, Alangiri BO, Jerthan BO",+91 88898 81021,http://www.thegrandmachal.com/,4.3,7383.0,"NH47, Indore - Dhar Rd, Machal, Madhya Pradesh 453001",721420,22.6729548,75.67018159999999,ChIJX9MyDeFVYjkRfDmG1oOnk4c,https://www.google.com/maps/place/?q=place_id:ChIJX9MyDeFVYjkRfDmG1oOnk4c,part_322,2026-09-20 20:33:37,42903
Coorg Wilderness Resort & Spa,Resort,Resort hotel,"Resort hotel, Bar, Restaurant",721420,West Bengal Circle,South Bengal Region,Contai Division,"Baita Bazar SO, Alangiri BO, Jerthan BO",+91 63646 01941,https://www.coorgwildernessresort.in/,4.6,729.0,"Virajpet Main Road, Mekeri, Madikeri, Karnataka 571201",721420,12.4021645,75.7483342,ChIJLRr5P5irpTsRdNWOml8dTqc,https://www.google.com/maps/place/?q=place_id:ChIJLRr5P5irpTsRdNWOml8dTqc,part_322,2026-09-20 20:33:37,42904
PARADISE VILLAGE RESORT,Resort,Resort hotel,Resort hotel,721420,West Bengal Circle,South Bengal Region,Contai Division,"Baita Bazar SO, Alangiri BO, Jerthan BO",+91 88942 65114,N/A,4.8,1087.0,"Vill. Badhai, below Sankat Mochan Hanuman Mandir, Shimla, Himachal Pradesh 171010",Bagh,31.0832771,77.1454345,ChIJ5-8CsCV5BTkRt5fMf9NAYRA,https://www.google.com/maps/place/?q=place_id:ChIJ5-8CsCV5BTkRt5fMf9NAYRA,part_322,2026-09-20 20:33:37,42905
Radiant Resort,Resort,Resort hotel,"Resort hotel, Banquet hall, Buffet restaurant, Children hall, Conference center, Event venue, Live music venue, Massage spa, Restaurant, Wedding venue",721420,West Bengal Circle,South Bengal Region,Contai Division,"Baita Bazar SO, Alangiri BO, Jerthan BO",+91 80959 88877,http://www.radiantresort.com/,4.0,4261.0,"Radiant Resort, C.K.Palya Road, 17th km.Bannerghatta Road, Bengaluru, Karnataka 560083","Mandi Layout, Krishna Reddy Colony, Basavanapura",12.841477099999999,77.5911224,ChIJVVVVEHX5rjsRf9XiWT6oWZ0,https://www.google.com/maps/place/?q=place_id:ChIJVVVVEHX5rjsRf9XiWT6oWZ0,part_322,2026-09-20 20:33:37,42906
Angsana Oasis Spa And Resort,Resort,Resort hotel,"Resort hotel, Bar, Fine dining restaurant, Massage spa, Wedding venue",721420,West Bengal Circle,South Bengal Region,Contai Division,"Baita Bazar SO, Alangiri BO, Jerthan BO",N/A,https://www.angsana.com/india/bangalore,4.4,8487.0,"Main, Doddaballapura Main Rd, Northwest County, Adde Vishwanathapura, Rajanukunte, Adde Viswanathapura, Karnataka 560119","Northwest County, Adde Vishwanathapura",13.182592399999999,77.5597645,ChIJ4cUcqdchrjsRFPHCA08ntP8,https://www.google.com/maps/place/?q=place_id:ChIJ4cUcqdchrjsRFPHCA08ntP8,part_322,2026-09-20 20:33:37,42907
Grand Heritage Resort,Resort,Resort hotel,"Resort hotel, Hotel",721420,West Bengal Circle,South Bengal Region,Contai Division,"Baita Bazar SO, Alangiri BO, Jerthan BO",+91 88022 94320,http://www.grandheritageresort.com/,4.0,2874.0,"R-4, Sector 20, Block B, Nawada, Greater Noida, Brahmpur Rajraula Urf Nawada, Uttar Pradesh 201315","Sector 20, Block B, Nawada",28.476329,77.5238894,ChIJaSJeRYTqDDkRh9yvqzMRSxY,https://www.google.com/maps/place/?q=place_id:ChIJaSJeRYTqDDkRh9yvqzMRSxY,part_322,2026-09-20 20:33:37,42908
Aldovia - Resort & Convention,Resort,Resort hotel,"Resort hotel, Banquet hall, Convention center, Spa, Swimming pool, Wedding venue",721420,West Bengal Circle,South Bengal Region,Contai Division,"Baita Bazar SO, Alangiri BO, Jerthan BO",+91 80 3507 7000,https://www.aldovia.in/,4.3,18423.0,"Swiss Town, Sadahalli Post, Devanahalli, Bengaluru, Karnataka 562110",Devanahalli,13.207243,77.6330487,ChIJ7Y5UPHcWrjsRdTvnULrrXRE,https://www.google.com/maps/place/?q=place_id:ChIJ7Y5UPHcWrjsRdTvnULrrXRE,part_322,2026-09-20 20:33:37,42909
Breathing Earth,Resort,Resort hotel,"Resort hotel, Hotel",721420,West Bengal Circle,South Bengal Region,Contai Division,"Baita Bazar SO, Alangiri BO, Jerthan BO",+91 99039 90676,https://thebreathingearth.com/,4.4,2235.0,"Village Beledanga Usthi Rd, Kalaria, Ushti, West Bengal 743375",721420,22.2656922,88.27245889999999,ChIJk8i5dBpnAjoRaLxWjWdGX7k,https://www.google.com/maps/place/?q=place_id:ChIJk8i5dBpnAjoRaLxWjWdGX7k,part_322,2026-09-20 20:33:37,42910
Woodsmoke Retreat (Woodsmoke Resort and Spa),Resort,Resort hotel,Resort hotel,721420,West Bengal Circle,South Bengal Region,Contai Division,"Baita Bazar SO, Alangiri BO, Jerthan BO",+91 98168 98166,https://woodsmoke.in/,4.4,527.0,"Woodsmoke Retreat, VPO, P.O, Anandpur, Shoghi, Shimla, Himachal Pradesh 171219","P.O, Anandpur",31.044795099999998,77.1507824,ChIJAQAANB5_BTkRENZJ9g1DgHc,https://www.google.com/maps/place/?q=place_id:ChIJAQAANB5_BTkRENZJ9g1DgHc,part_322,2026-09-20 20:33:37,42911
Windflower Prakruthi Resort and Spa,Resort,Resort hotel,"Resort hotel, Adventure Sports Center, Buffet restaurant, Convention center, Massage spa, Outdoor activity organiser, Wedding venue",721420,West Bengal Circle,South Bengal Region,Contai Division,"Baita Bazar SO, Alangiri BO, Jerthan BO",+91 80 4901 5777,http://www.thewindflower.com/,4.0,8220.0,"Plot No.12A, Kundana Hobli, Devanahalli, Hegganahalli, Bovipalya, Karnataka 562110","Kundana Hobli, Devanahalli",13.203233599999999,77.6096913,ChIJy5y_xVIerjsRQ3FbeZzjEnA,https://www.google.com/maps/place/?q=place_id:ChIJy5y_xVIerjsRQ3FbeZzjEnA,part_322,2026-09-20 20:33:37,42912
The Amaya Resort,Resort,Resort hotel,"Resort hotel, Guest house, Restaurant",721420,West Bengal Circle,South Bengal Region,Contai Division,"Baita Bazar SO, Alangiri BO, Jerthan BO",+91 62921 31143,http://amayanh6.in/,4.2,2766.0,"Orisha Trunk Rd, Rauta, Uluberia, Howrah, West Bengal 711316","Rauta, Uluberia",22.4799878,88.06207719999999,ChIJVVVVyEeEAjoR0Qhw6L56Ag8,https://www.google.com/maps/place/?q=place_id:ChIJVVVVyEeEAjoR0Qhw6L56Ag8,part_322,2026-09-20 20:33:38,42913
LAKE LAND COUNTRY CLUB,Resort,Resort hotel,"Resort hotel, Club",721420,West Bengal Circle,South Bengal Region,Contai Division,"Baita Bazar SO, Alangiri BO, Jerthan BO",+91 11 6927 2704,http://www.llccresort.com/,4.0,4169.0,"Kona Expy, Munshidanga Post, Gorfa, Bankra, Howrah, Nibra, West Bengal 711403","Munshidanga Post, Gorfa, Bankra",22.5922512,88.27031389999999,ChIJp9PGT5F4AjoRJMx1kK0sN3Q,https://www.google.com/maps/place/?q=place_id:ChIJp9PGT5F4AjoRJMx1kK0sN3Q,part_322,2026-09-20 20:33:38,42914
Koley Resort,Resort,Resort hotel,Resort hotel,721420,West Bengal Circle,South Bengal Region,Contai Division,"Baita Bazar SO, Alangiri BO, Jerthan BO",N/A,N/A,3.8,111.0,"J68F+MFH, Domjur - Bauria Rd, Begri, Domjur, Howrah, West Bengal 711405","Begri, Domjur",22.6166992,88.22373929999999,ChIJN3bKL9yB-DkRw_S4W6G81dA,https://www.google.com/maps/place/?q=place_id:ChIJN3bKL9yB-DkRw_S4W6G81dA,part_322,2026-09-20 20:33:38,42915
Ekdiner bhalobasa resort & restaurant,Resort,Resort hotel,Resort hotel,721420,West Bengal Circle,South Bengal Region,Contai Division,"Baita Bazar SO, Alangiri BO, Jerthan BO",+91 87775 29711,https://wa.me/+918777529711,4.8,63.0,"Gokulpur, Thero, Dankuni, Chanditala, West Bengal 712702",721420,22.680066999999998,88.2445652,ChIJ0yIPyWSB-DkR78wvc3heprs,https://www.google.com/maps/place/?q=place_id:ChIJ0yIPyWSB-DkR78wvc3heprs,part_322,2026-09-20 20:33:38,42916
Green View Resort,Resort,Farm,Farm,721420,West Bengal Circle,South Bengal Region,Contai Division,"Baita Bazar SO, Alangiri BO, Jerthan BO",N/A,N/A,4.2,47.0,"J7R7+4XP, Jotgiri, Howrah, West Bengal 711114",721420,22.640342399999998,88.2649538,ChIJgWyssjiC-DkRZi2M-TQOkbU,https://www.google.com/maps/place/?q=place_id:ChIJgWyssjiC-DkRZi2M-TQOkbU,part_322,2026-09-20 20:33:38,42917
Bengal Beach Resort,Resort,Resort hotel,Resort hotel,721422,West Bengal Circle,South Bengal Region,Contai Division,"Balighai SO, Astichak BO, Atbati BO",+91 70444 32515,http://bengalbeachresort.com/,4.3,1362.0,"Mohona, Mandarmani Beach Rd, Mandarmani, West Bengal 721423",721422,21.6488859,87.6504681,ChIJsUWX8xExAzoR66CCyjKX6p8,https://www.google.com/maps/place/?q=place_id:ChIJsUWX8xExAzoR66CCyjKX6p8,part_322,2026-09-20 20:34:24,45389
I Light Beach Resort,Resort,Hotel,Hotel,721422,West Bengal Circle,South Bengal Region,Contai Division,"Balighai SO, Astichak BO, Atbati BO",+91 81013 33711,http://ilightbeachresort.in/,4.5,,"MP73+M6M, Mandarmoni Beach Access, Mandarmani, West Bengal 721455",721422,21.664654799999997,87.7031045,ChIJ0x9P-fYlAzoRNq-uIZ48hjI,https://www.google.com/maps/place/?q=place_id:ChIJ0x9P-fYlAzoRNq-uIZ48hjI,part_322,2026-09-20 20:34:25,45390
Hotel Emerald Bay Inn Beach Resort,Resort,Resort hotel,Resort hotel,721422,West Bengal Circle,South Bengal Region,Contai Division,"Balighai SO, Astichak BO, Atbati BO",+91 78648 21148,N/A,4.4,,"Dakshin Purushottampur, Mandarmani, West Bengal 721455",721422,21.6741676,87.728067,ChIJjxfL7CclAzoRwH5Rgz21PqY,https://www.google.com/maps/place/?q=place_id:ChIJjxfL7CclAzoRwH5Rgz21PqY,part_322,2026-09-20 20:34:25,45391
Sweet Dream Beach Resort,Resort,Hotel,Hotel,721422,West Bengal Circle,South Bengal Region,Contai Division,"Balighai SO, Astichak BO, Atbati BO",+91 99038 42392,http://www.sweetdreambeachresort.com/,4.1,,"Vill + Post, Silampur, Mandarmani, West Bengal 721423",Silampur,21.6529092,87.6645951,ChIJ-3Z8jLsvAzoRwYBcC8ZD0-c,https://www.google.com/maps/place/?q=place_id:ChIJ-3Z8jLsvAzoRwYBcC8ZD0-c,part_322,2026-09-20 20:34:25,45392
Holiday Beach Resort Mandarmani,Resort,Resort hotel,Resort hotel,721423,West Bengal Circle,South Bengal Region,Contai Division,"Balisai SO, Bodhra BO, Dakhin Badalpur BO",+91 73630 36671,https://www.holidaybeachresort.in/,4.1,,"Plote - 152, Seabeach Road, Mandarmani, West Bengal 721423",721423,21.6498107,87.65332169999999,ChIJTdpMJDwvAzoRceqORTdZxfY,https://www.google.com/maps/place/?q=place_id:ChIJTdpMJDwvAzoRceqORTdZxfY,part_322,2026-09-20 20:35:13,47202
Taj Villa Resort,Resort,Hotel,"Hotel, Resort hotel",721423,West Bengal Circle,South Bengal Region,Contai Division,"Balisai SO, Bodhra BO, Dakhin Badalpur BO",+91 91632 60959,https://resorttajvilla.in/,4.0,,"BUS STOP, TAJPUR, BALISAI BUS STOP L/M-BALISAI, Tajpur, West Bengal 721423",721423,21.6507649,87.6234882,ChIJP0ugdgAuAzoR1rWkH3CclRk,https://www.google.com/maps/place/?q=place_id:ChIJP0ugdgAuAzoR1rWkH3CclRk,part_322,2026-09-20 20:35:13,47203
Rose Beach Resort,Resort,Resort hotel,Resort hotel,721423,West Bengal Circle,South Bengal Region,Contai Division,"Balisai SO, Bodhra BO, Dakhin Badalpur BO",+91 85970 00324,N/A,4.5,14.0,"MM27+QV, Mandarmani, Silampur, West Bengal 721423",721423,21.6519428,87.6647058,ChIJJY9VfAAvAzoRy6ACA9pWGt4,https://www.google.com/maps/place/?q=place_id:ChIJJY9VfAAvAzoRy6ACA9pWGt4,part_322,2026-09-20 20:35:14,47204
PURNI HOTEL AND RESORTS,Resort,Hotel,"Hotel, Home Stay, Resort hotel",721423,West Bengal Circle,South Bengal Region,Contai Division,"Balisai SO, Bodhra BO, Dakhin Badalpur BO",+91 83368 33497,https://purnihotelandresort.com/,4.2,192.0,"Balisai- Tajpur Sea Beach Rd, Alampur, Tajpur, West Bengal 721423",721423,21.6494634,87.6270638,ChIJe2gmY_0xAzoRW_eDXanOawY,https://www.google.com/maps/place/?q=place_id:ChIJe2gmY_0xAzoRW_eDXanOawY,part_322,2026-09-20 20:35:14,47205
FACE INN RESORTS - Jhargram,Resort,Hotel,Hotel,721426,West Bengal Circle,South Bengal Region,Contai Division,"Dantan SO, Angua BO, Bamanda BO",+91 90512 36146,N/A,4.5,,"HR25+H2C, Dharsa, Kododiha, West Bengal 721505",721426,22.5514352,86.8075037,ChIJEZCRJQCHHToRjQ7T8Q2rkDM,https://www.google.com/maps/place/?q=place_id:ChIJEZCRJQCHHToRjQ7T8Q2rkDM,part_322,2026-09-20 20:37:59,50858
Riverview Resort,Resort,Guest house,Guest house,721426,West Bengal Circle,South Bengal Region,Contai Division,"Dantan SO, Angua BO, Bamanda BO",N/A,http://fb.me/sunipam.mahakul,3.5,,"phone - 7719190069, Dahi, West Bengal 721159",721426,22.047618399999998,87.17834239999999,ChIJOVetjTEXHToRjtyC4n2oth8,https://www.google.com/maps/place/?q=place_id:ChIJOVetjTEXHToRjtyC4n2oth8,part_322,2026-09-20 20:37:59,50859
RESORT K SEA VIEW,Resort,Resort hotel,Resort hotel,721428,West Bengal Circle,South Bengal Region,Contai Division,"Digha SO East Midnapore, Payamedinipur BO, Saripur BO",+91 99552 52367,https://wa.me/7880257264,3.4,193.0,"Digha Welcome Gate, Old, Digha, Ghersai, West Bengal 721463",721428,21.6373933,87.5270504,ChIJN3W2UADNHDoRNRPjpe2OBUk,https://www.google.com/maps/place/?q=place_id:ChIJN3W2UADNHDoRNRPjpe2OBUk,part_322,2026-09-20 20:39:35,52676
Ownland Hotels and Resorts,Resort,Resort hotel,Resort hotel,721428,West Bengal Circle,South Bengal Region,Contai Division,"Digha SO East Midnapore, Payamedinipur BO, Saripur BO",+91 90385 24106,https://www.ownlandresorts.com/,4.5,847.0,"Shibalaya Rd, near Anukul Ashram, Gadadharpur, Digha, West Bengal 721428",Gadadharpur,21.6297279,87.522896,ChIJR2s2q1fNHDoREhl3pLaRBeQ,https://www.google.com/maps/place/?q=place_id:ChIJR2s2q1fNHDoREhl3pLaRBeQ,part_322,2026-09-20 20:39:35,52677
Hotel Seagull,Resort,Hotel,Hotel,721428,West Bengal Circle,South Bengal Region,Contai Division,"Digha SO East Midnapore, Payamedinipur BO, Saripur BO",+91 83369 16860,https://www.hoteldolphin.in/,3.7,309.0,"Digha Barrister Colony Rd, Old, Digha, West Bengal 721463",Old,21.625387699999997,87.5298038,ChIJnT5kAI_NHDoRLzQr2uOSwjg,https://www.google.com/maps/place/?q=place_id:ChIJnT5kAI_NHDoRLzQr2uOSwjg,part_322,2026-09-20 20:39:35,52678
The Monalisa Inn,Resort,Resort hotel,"Resort hotel, Hotel",721428,West Bengal Circle,South Bengal Region,Contai Division,"Digha SO East Midnapore, Payamedinipur BO, Saripur BO",+91 87440 28808,http://themonalisainn.com/,4.4,427.0,"Plot no-4, block-D, sector-B1, New Digha, Digha, West Bengal 721428","block-D, sector-B1, New Digha",21.6209076,87.5002004,ChIJtQtPhNbNHDoR1ss_PnVdOyk,https://www.google.com/maps/place/?q=place_id:ChIJtQtPhNbNHDoR1ss_PnVdOyk,part_322,2026-09-20 20:39:35,52679
Hotel GC International,Resort,Hotel,Hotel,721428,West Bengal Circle,South Bengal Region,Contai Division,"Digha SO East Midnapore, Payamedinipur BO, Saripur BO",+91 98305 70162,N/A,4.3,1887.0,"Block: B, Sector: B-4, Shankar Rd, New Digha, Digha, West Bengal 721428",New Digha,21.6202906,87.4980557,ChIJNbhuLNvNHDoRuOkrAUiS1Zk,https://www.google.com/maps/place/?q=place_id:ChIJNbhuLNvNHDoRuOkrAUiS1Zk,part_322,2026-09-20 20:39:35,52680
The Palm Resort Digha,Resort,Resort hotel,Resort hotel,721428,West Bengal Circle,South Bengal Region,Contai Division,"Digha SO East Midnapore, Payamedinipur BO, Saripur BO",+91 98309 37570,N/A,3.7,1016.0,"Shibalaya Road, Old Digha, West Bengal 721428",Gobindabasan,21.6308231,87.52276379999999,ChIJH2QFz0PNHDoRdSzQ7fPkXR8,https://www.google.com/maps/place/?q=place_id:ChIJH2QFz0PNHDoRdSzQ7fPkXR8,part_322,2026-09-20 20:39:35,52681
Asusss International,Resort,Resort hotel,"Resort hotel, Hotel, Restaurant, Swimming pool",721428,West Bengal Circle,South Bengal Region,Contai Division,"Digha SO East Midnapore, Payamedinipur BO, Saripur BO",+91 98314 04900,https://asusssinternational.addmeglobal.in/,5.0,9.0,"mohana coastal Land mark, Plot No 578 digha marine drive road Vill-ghersai, P.O, Digha - Contai Rd, P.S, Alankarpur, Digha, West Bengal 721441",P.S,21.639537,87.5333393,ChIJg5rowHLNHDoRM0UPpoCGPdM,https://www.google.com/maps/place/?q=place_id:ChIJg5rowHLNHDoRM0UPpoCGPdM,part_322,2026-09-20 20:39:35,52682
Barsha Resorts Pvt. Ltd.,Resort,Hotel,"Hotel, Resort hotel, Restaurant",721428,West Bengal Circle,South Bengal Region,Contai Division,"Digha SO East Midnapore, Payamedinipur BO, Saripur BO",+91 70442 74476,https://barsharesorts.com/,4.1,898.0,"P.O & P.S, Forest Bungalow Rd, Old, Digha, West Bengal 721428",Old,21.6247001,87.5223053,ChIJN5T7iEDNHDoR4RinPaPxL4o,https://www.google.com/maps/place/?q=place_id:ChIJN5T7iEDNHDoR4RinPaPxL4o,part_322,2026-09-20 20:39:35,52683
Hotel Sea Coast,Resort,Hotel,Hotel,721428,West Bengal Circle,South Bengal Region,Contai Division,"Digha SO East Midnapore, Payamedinipur BO, Saripur BO",+91 83729 40278,https://hotelseacoast.com/,3.1,144.0,"Digha Barrister Colony Rd, near Sea Hawak Ghat, Gobindabasan, Digha, West Bengal 721463",Gobindabasan,21.625712999999998,87.5297324,ChIJFWITTTDNHDoRAqyGcYPKtFc,https://www.google.com/maps/place/?q=place_id:ChIJFWITTTDNHDoRAqyGcYPKtFc,part_322,2026-09-20 20:39:35,52684
"Amantran Hotel & Resorts, Digha",Resort,Resort hotel,Resort hotel,721428,West Bengal Circle,South Bengal Region,Contai Division,"Digha SO East Midnapore, Payamedinipur BO, Saripur BO",N/A,N/A,3.7,1404.0,"Digha Welcome Gate, Old, beside Biswa Bangla Gate, Ghersai, Digha, West Bengal 721463",721428,21.6373596,87.5269807,ChIJryGDH1vNHDoRPd2xowOj-4Y,https://www.google.com/maps/place/?q=place_id:ChIJryGDH1vNHDoRPd2xowOj-4Y,part_322,2026-09-20 20:39:35,52685
Hotel G.R.Inn.,Resort,Resort hotel,Resort hotel,721428,West Bengal Circle,South Bengal Region,Contai Division,"Digha SO East Midnapore, Payamedinipur BO, Saripur BO",+91 79805 58161,N/A,4.4,479.0,"Old, near Narmada Mandir, Gobindabasan, Digha, West Bengal 721463",Gobindabasan,21.627842599999997,87.5318824,ChIJo2GHlwrNHDoRbJx9jHKSvZU,https://www.google.com/maps/place/?q=place_id:ChIJo2GHlwrNHDoRbJx9jHKSvZU,part_322,2026-09-20 20:39:36,52686
Hotel Holiday Home,Resort,Hotel,Hotel,721428,West Bengal Circle,South Bengal Region,Contai Division,"Digha SO East Midnapore, Payamedinipur BO, Saripur BO",+91 90074 03039,https://hotelholidayhome.in/,4.0,749.0,"4, Shore Road, New Digha, Digha, West Bengal 721428",New Digha,21.6211922,87.5060041,ChIJrV1v7QzNHDoR7QWvz91UaXg,https://www.google.com/maps/place/?q=place_id:ChIJrV1v7QzNHDoR7QWvz91UaXg,part_322,2026-09-20 20:39:36,52687
Digha Saikatabas,Resort,Resort hotel,Resort hotel,721428,West Bengal Circle,South Bengal Region,Contai Division,"Digha SO East Midnapore, Payamedinipur BO, Saripur BO",+91 86400 00310,https://hotelsaikatabas.com/,4.1,2128.0,"Digha Barrister Colony Rd, Gobindabasan, Digha, West Bengal 721463",Gobindabasan,21.624062499999997,87.5279375,ChIJ84rUNnDNHDoRH7nBYw_8KSA,https://www.google.com/maps/place/?q=place_id:ChIJ84rUNnDNHDoRH7nBYw_8KSA,part_322,2026-09-20 20:39:36,52688
SEA BIRD,Resort,Hotel,Hotel,721428,West Bengal Circle,South Bengal Region,Contai Division,"Digha SO East Midnapore, Payamedinipur BO, Saripur BO",+91 76028 03131,https://www.hotelseabird.com/,4.0,1572.0,"New Digha, Digha, West Bengal 721463",New Digha,21.6190149,87.50402489999999,ChIJFcGk7AvNHDoRKgZXTPU_b1I,https://www.google.com/maps/place/?q=place_id:ChIJFcGk7AvNHDoRKgZXTPU_b1I,part_322,2026-09-20 20:39:36,52689
Beach View Resort,Resort,Resort hotel,Resort hotel,721428,West Bengal Circle,South Bengal Region,Contai Division,"Digha SO East Midnapore, Payamedinipur BO, Saripur BO",+91 98317 17148,http://beachviewresort.in/,4.0,184.0,"Plot No-4, Block - C, B-1 Sector, New Digha, Digha, West Bengal 721463",New Digha,21.6204456,87.5000532,ChIJVVVVVaDNHDoRqFh28enJYzE,https://www.google.com/maps/place/?q=place_id:ChIJVVVVVaDNHDoRqFh28enJYzE,part_322,2026-09-20 20:39:36,52690
Resort Sagar Bristi,Resort,Resort hotel,"Resort hotel, Home Stay",721428,West Bengal Circle,South Bengal Region,Contai Division,"Digha SO East Midnapore, Payamedinipur BO, Saripur BO",+91 70477 92766,https://resortsagarbristi.com/,4.4,,"Silampur, Mandarmani, West Bengal 721423",Silampur,21.653057999999998,87.662815,ChIJ52A0CW4vAzoRfOt20LhVQW4,https://www.google.com/maps/place/?q=place_id:ChIJ52A0CW4vAzoRfOt20LhVQW4,part_322,2026-09-20 20:39:37,52691
Dolphin Beach Resort,Resort,Resort hotel,Resort hotel,721428,West Bengal Circle,South Bengal Region,Contai Division,"Digha SO East Midnapore, Payamedinipur BO, Saripur BO",+91 97340 04823,https://www.dolphinbeachresortmandarmoni.com/,4.3,,"Mandarmoni Beach, West Bengal 721455",721428,21.6504261,87.65738139999999,ChIJNVEZH9MvAzoRtLEiZS_ta28,https://www.google.com/maps/place/?q=place_id:ChIJNVEZH9MvAzoRtLEiZS_ta28,part_322,2026-09-20 20:39:37,52692
Kirti Resorts Private Limited,Resort,Resort hotel,Resort hotel,721429,West Bengal Circle,South Bengal Region,Contai Division,"Egra SO, Baranihary BO, Barida Bazar BO",+91 91470 90916,https://www.kirtiresorts.in/,4.9,,"Tajpur, West Bengal 721423",721429,21.6514561,87.6292752,ChIJx02nBgAvAzoRW5-9HU68Sf0,https://www.google.com/maps/place/?q=place_id:ChIJx02nBgAvAzoRW5-9HU68Sf0,part_322,2026-09-20 20:40:21,53379
Sunview Resort,Resort,Resort hotel,"Resort hotel, Hotel",721429,West Bengal Circle,South Bengal Region,Contai Division,"Egra SO, Baranihary BO, Barida Bazar BO",+91 85828 40555,https://www.sunviewresort.in/,4.1,,"Sonamui, Mandarmani, West Bengal 721455",Sonamui,21.6603684,87.6954702,ChIJD_wZnX6f-DkRVi-YkH-U3kw,https://www.google.com/maps/place/?q=place_id:ChIJD_wZnX6f-DkRVi-YkH-U3kw,part_322,2026-09-20 20:40:21,53380
The Mandivila Resort,Resort,Hotel,Hotel,721430,West bengal circle,South Bengal Region,Contai Division,"Ajoya BO, Bansgora Bazar BO, Barabari South BO",N/A,N/A,,,"DATANPATRABAR, Dihierench, West Bengal 712455",DATANPATRABAR,21.937287899999998,87.77633329999999,ChIJKzEFyFrdAjoRnRrw5jBWfIM,https://www.google.com/maps/place/?q=place_id:ChIJKzEFyFrdAjoRnRrw5jBWfIM,part_322,2026-09-20 20:41:08,54037
Tajpur Retreat,Resort,Resort hotel,"Resort hotel, Hotel",721436,West bengal circle,South Bengal Region,Contai Division,"Amarda BO, Begunia BO, Paroi BO",+91 98302 53584,N/A,4.1,350.0,"Balisai- Tajpur Sea Beach Rd, Tajpur, West Bengal 721423",721436,21.6497811,87.6267325,ChIJ39iEmgIuAzoRm2Pt8thLTeg,https://www.google.com/maps/place/?q=place_id:ChIJ39iEmgIuAzoRm2Pt8thLTeg,part_322,2026-09-20 20:45:49,58394
Green Haven Resort,Resort,Campground,Campground,721437,West bengal circle,South Bengal Region,Contai Division,"Bahurupa BO, Barakalankai BO, Bhadrakali BO",N/A,N/A,3.8,,"Green Haven resort, Amlachati, West Bengal 721133",721437,22.2250107,87.2491368,ChIJLQvEBgBBHToRvv5kxU7LzOw,https://www.google.com/maps/place/?q=place_id:ChIJLQvEBgBBHToRvv5kxU7LzOw,part_322,2026-09-20 20:46:36,59108
Sova Hotel And Resort,Resort,Hotel,Hotel,721441,West bengal circle,South Bengal Region,Contai Division,"Alankarpur BO, Gobra BO, Haldia Patna BO",N/A,N/A,3.7,,"Tajpur, Ramnagar I, Tajpur, West Bengal 721423",Tajpur,21.654819399999997,87.62008159999999,ChIJyVLErHMvAzoRDMAfVrZIW4o,https://www.google.com/maps/place/?q=place_id:ChIJyVLErHMvAzoRDMAfVrZIW4o,part_322,2026-09-20 20:49:41,61230
Royal Villa Resort,Resort,Resort hotel,"Resort hotel, Bed & breakfast",721443,West bengal circle,South Bengal Region,Contai Division,"Bandhuchak BO, Barabatia BO, Brahamankhalisa BO",+91 99070 35459,http://royalvillaresort1.website3.me/,4.1,108.0,"S.H-5, Bamni, Belpahari, West Bengal 721501",S.H-5,22.6662687,86.7348209,ChIJ3cpRPAAn9jkRPdpfWdLhTwc,https://www.google.com/maps/place/?q=place_id:ChIJ3cpRPAAn9jkRPdpfWdLhTwc,part_322,2026-09-20 20:51:12,62047
Moni Maya Eco Resort,Resort,Restaurant,"Restaurant, Cottage, Playground",721443,West bengal circle,South Bengal Region,Contai Division,"Bandhuchak BO, Barabatia BO, Brahamankhalisa BO",+91 87100 55915,http://monimayaecoresort.com/,4.7,,"Gohalberya, West Bengal 721501",721443,22.6579443,86.713844,ChIJAYdxu10p9jkRLZLssSxffpw,https://www.google.com/maps/place/?q=place_id:ChIJAYdxu10p9jkRLZLssSxffpw,part_322,2026-09-20 20:51:13,62048
The Salbari Resort & Restaurant,Resort,Hotel,Hotel,721443,West bengal circle,South Bengal Region,Contai Division,"Bandhuchak BO, Barabatia BO, Brahamankhalisa BO",+91 98833 56418,http://www.salbariresort.com/,4.3,,"Road, Kuldiha, Bamni, West Bengal 721501",721443,22.663458,86.7428559,ChIJZdEEv78p9jkRJ01pOu3oADc,https://www.google.com/maps/place/?q=place_id:ChIJZdEEv78p9jkRJ01pOu3oADc,part_322,2026-09-20 20:51:13,62049
